Date	Value
20050419	NA
20050420	-21.9166666666667
20050421	-21.3333333333333
20050422	NA
20050423	NA
20050424	127.625
20050425	NA
20050426	200.125
20050427	181
20050428	160
20050429	NA
20050430	NA
20050501	NA
20050502	173.083333333333
20050503	180
20050504	178.875
20050505	153.708333333333
20050506	174.083333333333
20050507	227.875
20050508	NA
20050509	190.083333333333
20050510	249.958333333333
20050511	183.708333333333
20050512	138.25
20050513	148
20050514	165.833333333333
20050515	NA
20050516	NA
20050517	NA
20050518	NA
20050519	175.833333333333
20050520	173.25
20050521	180.833333333333
20050522	287.291666666667
20050523	NA
20050524	NA
20050525	NA
20050526	NA
20050527	162.916666666667
20050528	212.333333333333
20050529	268.791666666667
20050530	206.083333333333
20050531	NA
20050601	158.25
20050602	177.791666666667
20050603	178
20050604	188.666666666667
20050605	208.958333333333
20050606	141.25
20050607	177.833333333333
20050608	NA
20050609	NA
20050610	228.166666666667
20050611	178.916666666667
20050612	155.541666666667
20050613	197.291666666667
20050614	177.083333333333
20050615	NA
20050616	NA
20050617	222.416666666667
20050618	170.75
20050619	180.083333333333
20050620	134.958333333333
20050621	228.125
20050622	192.75
20050623	NA
20050624	NA
20050625	NA
20050626	178.166666666667
20050627	216.875
20050628	182.125
20050629	NA
20050630	NA
20050701	NA
20050702	NA
20050703	NA
20050704	NA
20050705	1103.16666666667
20050706	243.833333333333
20050707	NA
20050708	NA
20050709	NA
20050710	216.75
20050711	246.458333333333
20050712	204.958333333333
20050713	163.25
20050714	180.625
20050715	173.875
20050716	NA
20050717	176.333333333333
20050718	195.75
20050719	189.333333333333
20050720	NA
20050721	NA
20050722	258.75
20050723	NA
20050724	NA
20050725	248.333333333333
20050726	NA
20050727	210.625
20050728	NA
20050729	NA
20050730	228.208333333333
20050731	NA
20050801	NA
20050802	NA
20050803	NA
20050804	NA
20050805	234
20050806	NA
20050807	NA
20050808	NA
20050809	217.5
20050810	NA
20050811	NA
20050812	232.458333333333
20050813	149.916666666667
20050814	178.208333333333
20050815	222.333333333333
20050816	NA
20050817	NA
20050818	NA
20050819	NA
20050820	NA
20050821	241.083333333333
20050822	160.25
20050823	NA
20050824	NA
20050825	NA
20050826	167.541666666667
20050827	181.458333333333
20050828	126.708333333333
20050829	NA
20050830	204.625
20050831	NA
20050901	234.375
20050902	246.583333333333
20050903	165.791666666667
20050904	NA
20050905	203.333333333333
20050906	NA
20050907	NA
20050908	NA
20050909	216.666666666667
20050910	288.916666666667
20050911	192.041666666667
20050912	NA
20050913	NA
20050914	NA
20050915	NA
20050916	NA
20050917	NA
20050918	NA
20050919	NA
20050920	NA
20050921	NA
20050922	NA
20050923	NA
20050924	177.041666666667
20050925	220.291666666667
20050926	192.583333333333
20050927	146.25
20050928	NA
20050929	NA
20050930	NA
20051001	NA
20051002	NA
20051003	NA
20051004	199.375
20051005	NA
20051006	198.25
20051007	NA
20051008	NA
20051009	NA
20051010	NA
20051011	197.666666666667
20051012	NA
20051013	209.125
20051014	167.416666666667
20051015	229.541666666667
20051016	NA
20051017	197.125
20051018	204.166666666667
20051019	NA
20051020	NA
20051021	NA
20051022	NA
20051023	166
20051024	NA
20051025	181.166666666667
20051026	166.083333333333
20051027	172.958333333333
20051028	NA
20051029	151.125
20051030	NA
20051031	NA
20051101	32778
20051102	NA
20051103	188.208333333333
20051104	177.25
20051105	228.541666666667
20051106	NA
20051107	190.708333333333
20051108	NA
20051109	NA
20051110	193.208333333333
20051111	NA
20051112	151.75
20051113	NA
20051114	148.958333333333
20051115	NA
20051116	NA
20051117	204.833333333333
20051118	166.416666666667
20051119	209.958333333333
20051120	NA
20051121	122.041666666667
20051122	100.958333333333
20051123	NA
20051124	NA
20051125	165.791666666667
20051126	154.291666666667
20051127	208.5
20051128	210.541666666667
20051129	200.75
20051130	NA
20051201	NA
20051202	NA
20051203	146.791666666667
20051204	177.25
20051205	165.208333333333
20051206	NA
20051207	172.5
20051208	141.625
20051209	NA
20051210	212.208333333333
20051211	153.916666666667
20051212	NA
20051213	NA
20051214	NA
20051215	188.083333333333
20051216	NA
20051217	NA
20051218	NA
20051219	NA
20051220	NA
20051221	164.291666666667
20051222	131
20051223	163.25
20051224	NA
20051225	153.833333333333
20051226	NA
20051227	NA
20051228	NA
20051229	219.208333333333
20051230	NA
20051231	209.833333333333
20060101	NA
20060102	NA
20060103	NA
20060104	NA
20060105	NA
20060106	NA
20060107	NA
20060108	NA
20060109	NA
20060110	NA
20060111	NA
20060112	209.875
20060113	NA
20060114	NA
20060115	NA
20060116	NA
20060117	NA
20060118	NA
20060119	NA
20060120	NA
20060121	NA
20060122	228.125
20060123	208.625
20060124	146.916666666667
20060125	NA
20060126	NA
20060127	NA
20060128	NA
20060129	NA
20060130	NA
20060131	NA
20060201	NA
20060202	NA
20060203	NA
20060204	NA
20060205	NA
20060206	NA
20060207	NA
20060210	NA
20060211	NA
20060212	NA
20060213	NA
20060214	NA
20060215	NA
20060216	NA
20060217	NA
20060218	NA
20060219	NA
20060220	NA
20060221	NA
20060222	242.416666666667
20060223	NA
20060224	NA
20060225	NA
20060226	NA
20060227	NA
20060228	NA
20060301	NA
20060302	NA
20060303	NA
20060304	NA
20060305	NA
20060306	NA
20060307	NA
20060308	NA
20060309	NA
20060310	NA
20060311	NA
20060312	NA
20060313	NA
20060314	NA
20060315	NA
20060316	NA
20060317	NA
20060318	NA
20060319	NA
20060320	NA
20060321	NA
20060322	NA
20060323	NA
20060324	NA
20060325	NA
20060326	NA
20060327	NA
20060328	NA
20060329	NA
20060330	NA
20060331	NA
20060401	NA
20060402	NA
20060403	NA
20060404	142.375
20060405	137.875
20060406	NA
20060407	132.625
20060408	151.75
20060409	211.125
20060410	197.291666666667
20060411	NA
20060412	105.125
20060413	NA
20060414	128.208333333333
20060415	152.333333333333
20060416	168
20060417	156
20060418	146.625
20060419	168.083333333333
20060420	218.708333333333
20060421	NA
20060422	250.291666666667
20060423	150.875
20060424	173.75
20060425	156
20060426	147.583333333333
20060427	213.833333333333
20060428	161.291666666667
20060429	NA
20060430	NA
20060501	174.291666666667
20060502	199.5
20060503	160.833333333333
20060504	NA
20060505	135.333333333333
20060506	NA
20060507	NA
20060508	NA
20060509	160.208333333333
20060510	116.625
20060511	224.208333333333
20060512	202.125
20060513	NA
20060514	NA
20060515	202.666666666667
20060516	173.833333333333
20060517	153.75
20060518	157.583333333333
20060519	145.708333333333
20060520	NA
20060521	200.958333333333
20060522	NA
20060523	223.375
20060524	NA
20060525	210.875
20060526	201.208333333333
20060527	158.083333333333
20060528	195.375
20060529	133.208333333333
20060530	NA
20060531	169.5
20060601	198.166666666667
20060602	186.625
20060603	210.375
20060604	202.875
20060605	NA
20060606	NA
20060607	NA
20060608	156.166666666667
20060609	232.5
20060610	156.958333333333
20060611	145.666666666667
20060612	252.916666666667
20060613	251.458333333333
20060614	NA
20060615	200.416666666667
20060616	198.875
20060617	230.625
20060618	214.958333333333
20060619	216.291666666667
20060620	269.916666666667
20060621	111.541666666667
20060622	NA
20060623	NA
20060624	190.958333333333
20060625	198.791666666667
20060626	259.958333333333
20060627	242.541666666667
20060628	NA
20060629	NA
20060630	32778
20060701	NA
20060702	NA
20060703	NA
20060704	NA
20060705	NA
20060706	NA
20060707	NA
20060708	NA
20060709	NA
20060710	NA
20060711	NA
20060712	240.333333333333
20060713	NA
20060714	NA
20060715	NA
20060716	NA
20060717	NA
20060718	NA
20060719	191.916666666667
20060720	222.416666666667
20060721	224.458333333333
20060722	NA
20060723	NA
20060724	NA
20060725	213.041666666667
20060726	NA
20060727	NA
20060728	NA
20060729	NA
20060730	NA
20060731	272.75
20060801	NA
20060802	242.333333333333
20060803	185.583333333333
20060804	237.875
20060805	224.833333333333
20060806	219
20060807	NA
20060808	229.625
20060809	182.875
20060810	240.625
20060811	161.208333333333
20060812	221.75
20060813	251.916666666667
20060814	NA
20060815	NA
20060816	NA
20060817	NA
20060818	139.5
20060819	188.333333333333
20060820	220.291666666667
20060821	204.291666666667
20060822	NA
20060823	NA
20060824	163.708333333333
20060825	192.083333333333
20060826	176.291666666667
20060827	164.625
20060828	183.25
20060829	242.333333333333
20060830	NA
20060831	NA
20060901	202.333333333333
20060902	195.791666666667
20060903	203.708333333333
20060904	140.875
20060905	NA
20060906	NA
20060907	NA
20060908	213.958333333333
20060909	252.458333333333
20060910	218.666666666667
20060911	201.791666666667
20060912	211.625
20060913	156.333333333333
20060914	NA
20060915	NA
20060916	NA
20060917	164.541666666667
20060918	165.791666666667
20060919	234.666666666667
20060920	217.625
20060921	234.166666666667
20060922	NA
20060923	NA
20060924	266.166666666667
20060925	NA
20060926	NA
20060927	NA
20060928	NA
20060929	NA
20060930	NA
20061001	194.208333333333
20061002	201.833333333333
20061003	178.916666666667
20061004	177.625
20061005	248.458333333333
20061006	NA
20061007	NA
20061008	NA
20061009	166.041666666667
20061010	184.083333333333
20061011	NA
20061012	NA
20061013	NA
20061014	NA
20061015	NA
20061016	154.416666666667
20061017	NA
20061018	223.75
20061019	NA
20061020	216
20061021	208.333333333333
20061022	169.458333333333
20061023	NA
20061024	NA
20061025	NA
20061026	143.958333333333
20061027	NA
20061028	166.75
20061029	195.291666666667
20061030	NA
20061031	NA
20061101	188
20061102	169.625
20061103	250.083333333333
20061104	208.625
20061105	NA
20061106	127.083333333333
20061107	NA
20061108	176.25
20061109	149.416666666667
20061110	173.291666666667
20061111	180.416666666667
20061112	153.75
20061113	NA
20061114	NA
20061115	NA
20061116	171.833333333333
20061117	NA
20061118	NA
20061119	NA
20061122	NA
20061123	NA
20061124	NA
20061125	NA
20061126	155.791666666667
20061127	NA
20061128	NA
20061129	151.541666666667
20061130	NA
20061201	179.708333333333
20061202	NA
20061203	152.625
20061204	156.083333333333
20061205	194.375
20061206	NA
20061207	NA
20061209	NA
20061210	208.083333333333
20061211	182
20061212	136
20061213	NA
20061214	NA
20061215	NA
20061216	32778
20061217	NA
20061218	177.166666666667
20061219	158.916666666667
20061220	NA
20061221	NA
20061222	NA
20061223	NA
20061224	167.875
20061225	NA
20061226	NA
20061227	NA
20061228	224.791666666667
20061229	214.25
20061230	214.375
20061231	NA
20070101	208.291666666667
20070102	NA
20070103	209.291666666667
20070104	NA
20070105	223.25
20070106	231.125
20070107	NA
20070108	NA
20070109	NA
20070110	153.416666666667
20070111	200.958333333333
20070112	144.333333333333
20070113	176
20070114	197.125
20070115	NA
20070116	NA
20070117	NA
20070118	201.666666666667
20070119	255.041666666667
20070120	214.625
20070121	192.375
20070122	NA
20070123	NA
20070124	230.708333333333
20070125	183.041666666667
20070126	97.5833333333333
20070127	150.25
20070128	231.916666666667
20070129	NA
20070130	189.791666666667
20070131	NA
20070201	221.875
20070202	NA
20070203	264.875
20070204	251.5
20070205	272.5
20070206	254.333333333333
20070207	NA
20070208	NA
20070209	212.25
20070210	NA
20070211	NA
20070212	240.125
20070213	258.833333333333
20070214	224.666666666667
20070215	NA
20070216	NA
20070217	NA
20070218	NA
20070219	162.75
20070220	NA
20070221	287.041666666667
20070222	NA
20070223	NA
20070224	NA
20070225	215.75
20070226	284.958333333333
20070227	276.666666666667
20070228	NA
20070301	275.333333333333
20070302	NA
20070303	NA
20070304	173.5
20070305	182
20070306	208.083333333333
20070307	NA
20070308	NA
20070309	NA
20070310	NA
20070311	NA
20070312	NA
20070313	NA
20070314	NA
20070315	NA
20070316	NA
20070317	NA
20070318	NA
20070320	NA
20070321	NA
20070322	NA
20070323	NA
20070324	145.125
20070325	NA
20070326	NA
20070327	NA
20070328	NA
20070329	NA
20070330	189
20070331	95.2083333333333
20070401	287.5
20070402	NA
20070403	NA
20070404	153.541666666667
20070405	NA
20070406	NA
20070407	214.416666666667
20070408	152.291666666667
20070409	NA
20070410	NA
20070411	NA
20070412	NA
20070413	NA
20070414	135.5
20070415	NA
20070416	NA
20070417	NA
20070418	NA
20070419	NA
20070422	NA
20070423	186.041666666667
20070424	183.208333333333
20070425	NA
20070426	NA
20070427	NA
20070428	NA
20070429	179.541666666667
20070430	NA
20070501	NA
20070502	NA
20070503	NA
20070504	169.958333333333
20070505	NA
20070506	NA
20070507	NA
20070508	NA
20070509	NA
20070510	NA
20070511	NA
20070512	NA
20070513	NA
20070514	210.125
20070515	195.291666666667
20070516	246.166666666667
20070517	178.375
20070518	NA
20070519	NA
20070520	NA
20070521	215.041666666667
20070522	132.583333333333
20070523	NA
20070524	150.5
20070525	NA
20070526	NA
20070527	NA
20070528	NA
20070529	NA
20070530	135.166666666667
20070531	152.75
20070601	180.75
20070602	NA
20070603	NA
20070605	NA
20070606	NA
20070607	NA
20070608	256.75
20070609	164.666666666667
20070610	NA
20070611	NA
20070612	211.541666666667
20070613	212.375
20070614	NA
20070615	NA
20081110	NA
20081111	NA
20081112	NA
20081113	-150.208333333333
20081114	-148.916666666667
20081115	NA
20081116	NA
20081117	NA
20081118	NA
20081119	NA
20090424	NA
20090425	NA
20090426	NA
20091020	NA
20091021	107.541666666667
20091022	80.4583333333333
20091023	108.791666666667
20091024	57.5
20091025	87.375
20091026	190.958333333333
20091027	111.625
20091028	129.5
20091029	130.166666666667
20091030	61.9166666666667
20091031	129.208333333333
20091101	129.125
20091102	103.708333333333
20091103	100.916666666667
20091104	121.125
20091105	94.5416666666667
20091106	129.041666666667
20091107	125.666666666667
20091108	72.625
20091109	96.3333333333333
20091110	108.708333333333
20091111	118.791666666667
20091112	46.6666666666667
20091113	119.708333333333
20091114	75.2916666666667
20091115	128.583333333333
20091116	145.666666666667
20091117	112.791666666667
20091118	95.4583333333333
20091119	119.791666666667
20091120	113.958333333333
20091121	111.875
20091122	97.0416666666667
20091123	84
20091124	101.75
20091125	99.5416666666667
20091126	112.458333333333
20091127	109.125
20091128	100.916666666667
20091129	79.5833333333333
20091130	90.4166666666667
20091201	123.041666666667
20091202	115.25
20091203	148.041666666667
20091204	125.291666666667
20091205	153.375
20091206	122.5
20091207	80.2916666666667
20091208	131.583333333333
20091209	109.75
20091210	119.291666666667
20091211	134.375
20091212	107.166666666667
20091213	149.541666666667
20091214	146.25
20091215	145.458333333333
20091216	123.791666666667
20091217	150.041666666667
20091218	100.666666666667
20091219	50.0833333333333
20091220	32.3333333333333
20091221	52.125
20091222	40.7916666666667
20091223	33.4166666666667
20091224	151.875
20091225	58.6666666666667
20091226	81.625
20091227	99.375
20091228	123.958333333333
20091229	117
20091230	130.291666666667
20091231	154.291666666667
20100101	123.166666666667
20100102	125.416666666667
20100103	109.25
20100104	147
20100105	164.916666666667
20100106	110.375
20100107	153.291666666667
20100108	153.125
20100109	101.416666666667
20100110	113.333333333333
20100111	92.5
20100112	136.458333333333
20100113	150.625
20100114	102.291666666667
20100115	135.958333333333
20100116	184.583333333333
20100117	165.458333333333
20100118	159.791666666667
20100119	142.875
20100120	151.875
20100121	161.583333333333
20100122	137
20100123	85.75
20100124	61.375
20100125	112.041666666667
20100126	75.0833333333333
20100127	94.1666666666667
20100128	108.166666666667
20100129	151.416666666667
20100130	161.25
20100131	165.916666666667
20100201	201.291666666667
20100202	208.083333333333
20100203	183.666666666667
20100204	169.416666666667
20100205	137.791666666667
20100206	60.9166666666667
20100207	82.5
20100208	82.625
20100209	109.5
20100210	139.541666666667
20100211	69.7083333333333
20100212	135.291666666667
20100213	166.708333333333
20100214	64.4583333333333
20100215	122.375
20100216	78.125
20100217	54.2916666666667
20100218	104.083333333333
20100219	77.7083333333333
20100220	118.041666666667
20100221	51
20100222	69.5416666666667
20100223	53.6666666666667
20100224	145.666666666667
20100225	69.2916666666667
20100226	35.9166666666667
20100227	146.916666666667
20100228	98.5833333333333
20100301	126.375
20100302	98.9166666666667
20100303	55.125
20100304	80.0416666666667
20100305	61.3333333333333
20100306	133.125
20100307	72.25
20100308	55.375
20100309	140.5
20100310	101.25
20100311	94.5833333333333
20100312	118.541666666667
20100313	146.625
20100314	80
20100315	142.291666666667
20100316	70
20100317	40.9166666666667
20100318	89.6666666666667
20100319	176.5
20100320	108.208333333333
20100321	119.875
20100322	118.125
20100323	120.75
20100324	121.375
20100325	130.875
20100326	91.25
20100327	69.5416666666667
20100328	139.25
20100329	82.5416666666667
20100330	59.9166666666667
20100331	99.125
20100401	74.7916666666667
20100402	73.875
20100403	61.4583333333333
20100404	92.7916666666667
20100405	80.0416666666667
20100406	16.8333333333333
20100407	94.8333333333333
20100408	104.041666666667
20100409	61.0833333333333
20100410	73.5
20100411	55.6666666666667
20100412	122.583333333333
20100413	100.458333333333
20100414	93.75
20100415	87.4166666666667
20100416	108.625
20100417	194.333333333333
20100418	135.375
20100419	42.2083333333333
20100420	165.791666666667
20100421	119.083333333333
20100422	143.916666666667
20100423	109.958333333333
20100424	140.208333333333
20100425	96.8333333333333
20100426	77.375
20100427	86.6666666666667
20100428	92.4166666666667
20100429	137.958333333333
20100430	113.541666666667
20100501	120.958333333333
20100502	95.5416666666667
20100503	86.625
20100504	77.5833333333333
20100505	98.625
20100506	122.916666666667
20100507	166.75
20100508	110.708333333333
20100509	135.583333333333
20100510	124.208333333333
20100511	136.791666666667
20100512	177.791666666667
20100513	91.7916666666667
20100514	136.833333333333
20100515	160.958333333333
20100516	117.291666666667
20100517	98
20100518	125.541666666667
20100519	79.25
20100520	74.2916666666667
20100521	84.1666666666667
20100522	135.041666666667
20100523	128.625
20100524	110.375
20100525	116
20100526	116.166666666667
20100527	37
20100528	134.291666666667
20100529	51.375
20100530	104.958333333333
20100531	46.875
20100601	106.916666666667
20100602	132.625
20100603	124.375
20100604	116.625
20100605	163.791666666667
20100606	189.916666666667
20100607	98.375
20100608	112.833333333333
20100609	58.0416666666667
20100610	139.75
20100611	134.375
20100612	147.416666666667
20100613	95.7083333333333
20100614	112
20100615	138.416666666667
20100616	64.0833333333333
20100617	110.708333333333
20100618	109.208333333333
20100619	99.5833333333333
20100620	19.7916666666667
20100621	108.5
20100622	76.0833333333333
20100623	150.375
20100624	81.6666666666667
20100625	140.541666666667
20100626	158.958333333333
20100627	70.7916666666667
20100628	107.208333333333
20100629	109.708333333333
20100630	104
20100701	109.041666666667
20100702	120.083333333333
20100703	86.9583333333333
20100704	104.833333333333
20100705	96.7916666666667
20100706	57.5833333333333
20100707	106.583333333333
20100708	94.375
20100709	120.708333333333
20100710	146.541666666667
20100711	53.5833333333333
20100712	125.708333333333
20100713	88
20100714	122
20100715	67.9583333333333
20100716	47.4166666666667
20100717	83.9166666666667
20100718	80.375
20100719	140.666666666667
20100720	123.166666666667
20100721	103.958333333333
20100722	117.541666666667
20100723	121.041666666667
20100724	119.416666666667
20100725	109.958333333333
20100726	62.2916666666667
20100727	75.4583333333333
20100728	90.375
20100729	90.7916666666667
20100730	133.583333333333
20100731	84.125
20100801	87.25
20100802	126.166666666667
20100803	83.0833333333333
20100804	153.625
20100805	156.833333333333
20100806	79.9166666666667
20100807	57
20100808	118.875
20100809	61.625
20100810	151.666666666667
20100811	111.25
20100812	86.625
20100813	42.4583333333333
20100814	66.2916666666667
20100815	152.041666666667
20100816	169.541666666667
20100817	149.208333333333
20100818	75
20100819	117.708333333333
20100820	64.5833333333333
20100821	110.791666666667
20100822	99.9583333333333
20100823	134.916666666667
20100824	106.083333333333
20100825	115.125
20100826	90.5
20100827	50.7083333333333
20100828	127.375
20100829	101.958333333333
20100830	154.625
20100831	103.916666666667
20100901	58.75
20100902	50.1666666666667
20100903	106.416666666667
20100904	108.916666666667
20100905	103.25
20100906	133.208333333333
20100907	89.6666666666667
20100908	115.958333333333
20100909	183.333333333333
20100910	76
20100911	122.708333333333
20100912	142.958333333333
20100913	105.666666666667
20100914	144.625
20100915	111.666666666667
20100916	57
20100917	120.416666666667
20100918	97.0833333333333
20100919	98.7083333333333
20100920	83.8333333333333
20100921	129
20100922	77.625
20100923	100.375
20100924	NA
20100925	NA
20100926	166.208333333333
20100927	NA
20100928	NA
20100929	NA
20100930	87.2916666666667
20101001	NA
20101002	NA
20101003	NA
20101004	NA
20101005	NA
20101006	150.791666666667
20101007	NA
20101008	115.125
20101009	125.166666666667
20101010	92.0833333333333
20101011	142.125
20101012	153.791666666667
20101013	NA
20101014	NA
20101015	88.3333333333333
20101016	NA
20101017	59.5
20101018	87.8333333333333
20101019	129.375
20101020	NA
20101021	NA
20101022	80.9583333333333
20101023	NA
20101024	NA
20101025	NA
20101026	NA
20101027	102.375
20101028	NA
20101029	NA
20101030	NA
20101031	NA
20101101	NA
20101102	NA
20101103	NA
20101104	NA
20101105	NA
20101106	122.375
20101107	NA
20101108	93.5
20101109	NA
20101110	NA
20101111	62.4583333333333
20101112	76.2916666666667
20101113	116.916666666667
20101114	79.3333333333333
20101115	99.4166666666667
20101116	80.7916666666667
20101117	NA
20101118	38.2083333333333
20101119	NA
20101120	NA
20101121	NA
20101122	NA
20101123	NA
20101124	NA
20101125	NA
20101126	83.125
20101127	NA
20101128	NA
20101129	NA
20101130	NA
20101201	NA
20101202	NA
20101203	NA
20101204	NA
20101205	NA
20101206	NA
20101207	NA
20101208	NA
20101209	101
20101210	NA
20101211	85.4166666666667
20101212	NA
20101213	NA
20101214	88.5
20101215	NA
20101216	NA
20101217	NA
20101218	84.7916666666667
20101219	98.5416666666667
20101220	NA
20101221	50.25
20101222	NA
20101223	62.875
20101224	NA
20101225	101.416666666667
20101226	NA
20101227	98.5416666666667
20101228	113.208333333333
20101229	NA
20101230	123.541666666667
20101231	140.625
20110101	125
20110102	NA
20110103	72.4166666666667
20110104	NA
20110105	101.416666666667
20110106	102.75
20110107	NA
20110108	NA
20110109	79.7083333333333
20110110	NA
20110111	97.4166666666667
20110112	143.333333333333
20110113	NA
20110114	NA
20110115	NA
20110116	100.583333333333
20110117	NA
20110118	126.583333333333
20110119	NA
20110120	148.625
20110121	177.625
20110122	151.291666666667
20110123	123.5
20110124	NA
20110125	NA
20110126	154.458333333333
20110127	102.791666666667
20110128	100.625
20110129	117.833333333333
20110130	112.5
20110131	NA
20110201	NA
20110202	NA
20110203	NA
20110204	NA
20110205	NA
20110206	NA
20110207	NA
20110208	NA
20110209	NA
20110210	NA
20110211	NA
20110212	NA
20110213	NA
20110214	NA
20110215	NA
20110216	NA
20110217	NA
20110218	NA
20110219	NA
20110220	NA
20110221	NA
20110222	NA
20110223	NA
20110224	NA
20110225	NA
20110226	NA
20110227	NA
20110228	NA
20110301	NA
20110302	NA
20110303	NA
20110304	NA
20110305	NA
20110306	NA
20110307	NA
20110308	NA
20110309	NA
20110310	NA
20110311	NA
20110312	NA
20110313	NA
20110314	NA
20110315	NA
20110316	NA
20110317	NA
20110318	NA
20110319	NA
20110320	NA
20110321	NA
20110323	NA
20110324	NA
20110325	NA
20110326	NA
20110327	NA
20110328	NA
20110329	NA
20110330	NA
20110331	NA
20110401	NA
20110402	NA
20110403	NA
20110404	NA
20111024	NA
20111025	NA
20111026	NA
20111027	NA
20111028	49.875
20111029	NA
20111030	31.5833333333333
20111031	NA
20111101	155.083333333333
20111102	147.291666666667
20111103	NA
20111104	NA
20111105	NA
20111106	78.3333333333333
20111107	NA
20111108	NA
20111109	NA
20111110	NA
20111111	NA
20111112	NA
20111113	75.25
20111114	NA
20111115	NA
20111116	60.2916666666667
20111117	82.5
20111118	NA
20111119	NA
20111120	NA
20111121	55.8333333333333
20111122	NA
20111123	NA
20111124	NA
20111125	NA
20111126	NA
20111127	NA
20111128	68.875
20111129	NA
20111130	NA
20111201	89.4583333333333
20111202	NA
20111203	NA
20111204	60.5416666666667
20111205	NA
20111206	NA
20111207	NA
20111208	NA
20111209	55.9583333333333
20111210	127.958333333333
20111211	NA
20111212	NA
20111213	NA
20111214	47.3333333333333
20111215	NA
20111216	NA
20111217	NA
20111218	87
20111219	NA
20111220	NA
20111221	NA
20111222	NA
20111223	NA
20111224	NA
20111225	NA
20111226	NA
20111227	NA
20111228	NA
20111229	NA
20111230	NA
20111231	NA
20120101	NA
20120102	NA
20120103	NA
20120104	NA
20120105	NA
20120106	NA
20120107	NA
20120108	NA
20120109	NA
20120110	NA
20120111	NA
20120112	NA
20120113	NA
20120114	NA
20120115	NA
20120116	NA
20120117	NA
20120118	NA
20120119	125.25
20120120	NA
20120121	NA
20120122	NA
20120123	NA
20120124	NA
20120125	NA
20120126	NA
20120127	NA
20120128	NA
20120129	NA
20120130	NA
20120131	NA
20120201	NA
20120202	NA
20120203	NA
20120204	NA
20120205	NA
20120206	NA
20120207	NA
20120208	NA
20120209	NA
20120210	NA
20120211	NA
20120212	NA
20120213	NA
20120214	NA
20120215	NA
20120216	NA
20120217	NA
20120218	NA
20120219	NA
20120220	NA
20120221	NA
20120222	NA
20120223	NA
20120224	NA
20120225	NA
20120226	NA
20120227	NA
20120228	NA
20120229	NA
20120301	165.166666666667
20120302	NA
20120303	NA
20120304	NA
20120305	NA
20120306	NA
20120307	NA
20120308	NA
20120309	NA
20120310	NA
20120311	NA
20120312	177.916666666667
20120313	NA
20120314	NA
20120315	NA
20120316	NA
20120317	NA
20120318	147.958333333333
20120319	NA
20120320	NA
20120321	NA
20120322	46.4166666666667
20120323	NA
20120324	NA
20120325	NA
20120326	NA
20120327	NA
20120328	NA
20120329	NA
20120330	NA
20120331	NA
20120401	NA
20120402	159.125
20120403	NA
20120404	NA
20120405	NA
20120406	NA
20120407	127.166666666667
20120408	NA
20120409	NA
20120410	NA
20120411	NA
20120412	NA
20120413	NA
20120414	NA
20120415	NA
20120416	NA
20120417	NA
20120418	NA
20120419	NA
20120420	NA
20120421	NA
20120422	NA
20120423	NA
20120424	NA
20120425	131.375
20120426	NA
20120427	121.166666666667
20120428	69.9583333333333
20120429	NA
20120430	NA
20120501	NA
20120502	NA
20120503	NA
20120504	NA
20120505	NA
20120506	NA
20120507	NA
20120508	NA
20120509	69.3333333333333
20120510	117.291666666667
20120511	NA
20120512	107.083333333333
20120513	115.416666666667
20120514	NA
20120515	NA
20120516	NA
20120517	76.0416666666667
20120518	NA
20120519	NA
20120520	NA
20120521	NA
20120522	NA
20120523	NA
20120524	NA
20120525	NA
20120526	NA
20120527	NA
20120528	NA
20120529	NA
20120530	NA
20120531	NA
20120601	NA
20120602	NA
20120603	NA
20120604	NA
20120605	NA
20120606	NA
20120607	NA
20120608	NA
20120609	NA
20120610	NA
20120611	NA
20120612	NA
20120613	NA
20120614	NA
20120615	NA
20120616	NA
20120617	NA
20120618	NA
20120619	NA
20120620	NA
20120621	NA
20120622	NA
20120623	125.458333333333
20120624	NA
20120625	NA
20120626	NA
20120627	104.25
20120628	NA
20120629	142.791666666667
20120630	120.125
20120701	115.291666666667
20120702	NA
20120703	NA
20120704	NA
20120705	118.458333333333
20120706	NA
20120707	NA
20120708	NA
20120709	NA
20120710	NA
20120711	NA
20120712	NA
20120713	NA
20120714	NA
20120715	NA
20120716	NA
20120717	NA
20120718	NA
20120719	182.791666666667
20120720	123.916666666667
20120721	126.125
20120722	185.208333333333
20120723	NA
20120724	152.708333333333
20120725	NA
20120726	143.25
20120727	NA
20120728	NA
20120729	NA
20120730	107.625
20120731	NA
20120801	NA
20120802	NA
20120803	NA
20120804	NA
20120805	NA
20120806	NA
20120807	161.208333333333
20120808	136.666666666667
20120809	114.791666666667
20120810	NA
20120811	NA
20120812	90.5833333333333
20120813	NA
20120814	NA
20120815	151.083333333333
20120816	NA
20120817	NA
20120818	NA
20120819	NA
20120820	NA
20120821	NA
20120822	NA
20120823	NA
20120824	NA
20120825	NA
20120826	NA
20120827	NA
20120828	NA
20120829	172.875
20120830	NA
20120831	NA
20120901	NA
20120902	NA
20120903	NA
20120904	NA
20120905	NA
20120906	NA
20120907	NA
20120908	NA
20120909	NA
20120910	NA
20120911	NA
20120912	NA
20120913	NA
20120914	NA
20120915	NA
20120916	NA
20120917	NA
20120918	NA
20120919	NA
20120920	NA
20120921	NA
20120922	NA
20120923	NA
20120924	NA
20120925	NA
20120926	NA
20120927	NA
20120928	NA
20120929	NA
20120930	NA
20121001	NA
20121002	NA
20121003	NA
20121004	NA
20121005	NA
20121006	NA
20121007	NA
20121008	NA
20121009	NA
20121010	NA
20121011	NA
20121012	NA
20121013	NA
20121014	NA
20121015	NA
20121016	NA
20121017	NA
20121018	NA
20121019	NA
20121020	NA
20121021	193.041666666667
20121022	150.625
20121023	156.291666666667
20121024	NA
20121025	NA
20121026	NA
20121027	NA
20121028	NA
20121029	NA
20121030	NA
20121031	NA
20121101	NA
20121102	NA
20121103	NA
20121104	NA
20121105	NA
20121106	NA
20121107	NA
20121108	NA
20121109	NA
20121110	NA
20121111	NA
20121112	NA
20121113	NA
20121114	NA
20121115	NA
20121116	NA
20121117	NA
20121118	NA
20121119	NA
20121120	NA
20121121	NA
20121122	NA
20121123	NA
20121124	NA
20121125	NA
20121126	NA
20121127	NA
20121128	NA
20121129	NA
20121130	NA
20121201	NA
20121202	NA
20121203	NA
20121204	NA
20121205	NA
20121206	NA
20121207	NA
20121208	NA
20121209	NA
20121210	NA
20121211	NA
20121212	NA
20121213	NA
20121214	NA
20121215	NA
20121216	NA
20121217	NA
20121218	NA
20121219	NA
20121220	NA
20121221	NA
20121222	NA
20121223	NA
20121224	NA
20121225	NA
20121226	NA
20121227	NA
20121228	NA
20121229	NA
20121230	NA
20121231	NA
20130101	NA
20130102	NA
20130103	NA
20130104	NA
20130105	NA
20130106	NA
20130107	NA
20130108	NA
20130109	NA
20130110	NA
20130111	NA
20130112	NA
20130113	NA
20130114	NA
20130115	NA
20130116	NA
20130117	NA
20130118	NA
20130119	NA
20130120	NA
20130121	NA
20130122	NA
20130123	NA
20130124	NA
20130125	NA
20130126	NA
20130127	NA
20130128	NA
20130129	NA
20130130	NA
20130131	NA
20130201	NA
20130202	101.208333333333
20130203	NA
20130204	NA
20130205	NA
20130206	NA
20130207	NA
20130208	NA
20130209	101
20130210	NA
20130211	NA
20130212	209.958333333333
20130213	NA
20130214	NA
20130215	125.333333333333
20130216	166.083333333333
20130217	95
20130218	NA
20130219	NA
20130220	119.458333333333
20130221	174.166666666667
20130222	116.458333333333
20130223	132.833333333333
20130224	118
20130225	129.958333333333
20130226	154.333333333333
20130227	90.9166666666667
20130228	90.75
20130301	163.291666666667
20130302	181.625
20130303	83.9583333333333
20130304	70.25
20130305	149.958333333333
20130306	155.5
20130307	NA
20130308	105.25
20130309	NA
20130310	122.208333333333
20130311	NA
20130312	NA
20130313	NA
20130314	NA
20130315	NA
20130316	NA
20130317	74.4583333333333
20130318	NA
20130319	150.166666666667
20130320	93.9166666666667
20130321	77.125
20130322	67.125
20130323	88.75
20130324	165.5
20130325	NA
20130326	182.166666666667
20130327	148.333333333333
20130328	NA
20130329	126.875
20130330	169.625
20130331	210.583333333333
20130401	NA
20130402	112.083333333333
20130403	108
20130404	189.25
20130405	153.625
20130406	NA
20130407	111.208333333333
20130408	NA
20130409	146.208333333333
20130410	111
20130411	171.416666666667
20130412	167.25
20130413	NA
20130414	111.125
20130415	119.666666666667
20130416	162.875
20130417	111.041666666667
20130418	111.916666666667
20130419	64.5416666666667
20130420	134.041666666667
20130421	72.5833333333333
20130422	176.708333333333
20130423	125.125
20130424	155.375
20130425	144.333333333333
20130426	106.041666666667
20130427	136.333333333333
20130428	84.7083333333333
20130429	57.5416666666667
20130430	NA
20130501	88.625
20130502	196.5
20130503	104.375
20130504	NA
20130505	112.291666666667
20130506	96.0833333333333
20130507	56.5
20130508	NA
20130509	NA
20130510	88.0416666666667
20130511	155.958333333333
20130512	188.041666666667
20130513	141.583333333333
20130514	114.541666666667
20130515	148.416666666667
20130516	128.625
20130517	94.125
20130518	128.208333333333
20130519	140.458333333333
20130520	195.458333333333
20130521	84
20130522	NA
20130523	139.041666666667
20130524	NA
20130525	175.416666666667
20130526	119.708333333333
20130527	106.541666666667
20130528	106.791666666667
20130529	132.375
20130530	146.166666666667
20130531	81
20130601	NA
20130602	147.583333333333
20130603	164.75
20130604	NA
20130605	129.916666666667
20130606	95.5416666666667
20130607	161
20130608	NA
20130609	163.125
20130610	NA
20130611	NA
20130612	NA
20130613	176.041666666667
20130614	115.958333333333
20130615	121.958333333333
20130616	228.916666666667
20130617	148.791666666667
20130618	157
20130619	99.4166666666667
20130620	180.625
20130621	178.833333333333
20130622	133.375
20130623	170.083333333333
20130624	140
20130625	142.5
20130626	114.791666666667
20130627	155.5
20130628	143.041666666667
20130629	155.041666666667
20130630	103.375
20130701	86.25
20130702	186.458333333333
20130703	203.208333333333
20130704	146.625
20130705	153.083333333333
20130706	182.333333333333
20130707	123.416666666667
20130708	224.208333333333
20130709	139.708333333333
20130710	132.166666666667
20130711	145
20130712	185.708333333333
20130713	188.458333333333
20130714	173.375
20130715	NA
20130716	171.041666666667
20130717	209.916666666667
20130718	166.833333333333
20130719	106.916666666667
20130720	117.458333333333
20130721	192.083333333333
20130722	120.041666666667
20130723	119.583333333333
20130724	NA
20130725	172.833333333333
20130726	171.916666666667
20130727	142.833333333333
20130728	202.25
20130729	185.541666666667
20130730	144.541666666667
20130731	223.791666666667
20130801	NA
20130802	NA
20130803	156.833333333333
20130804	NA
20130805	224.291666666667
20130806	171.708333333333
20130807	125.458333333333
20130808	126.25
20130809	140.291666666667
20130810	100.125
20130811	192.125
20130812	112.083333333333
20130813	176.5
20130814	207.291666666667
20130815	NA
20130816	140.458333333333
20130817	132.583333333333
20130818	NA
20130819	181.5
20130820	166.125
20130821	167.333333333333
20130822	153.5
20130823	219.708333333333
20130824	120.208333333333
20130825	129.333333333333
20130826	166.958333333333
20130827	139.875
20130828	189.583333333333
20130829	116.416666666667
20130830	121.458333333333
20130831	188.25
20130901	83.1666666666667
20130902	NA
20130903	161.041666666667
20130904	NA
20130905	NA
20130906	116.875
20130907	127
20130908	99.6666666666667
20130909	172.291666666667
20130910	128.25
20130911	120.958333333333
20130912	187.25
20130913	NA
20130914	163.083333333333
20130915	NA
20130916	NA
20130917	116.541666666667
20130918	NA
20130919	NA
20130920	NA
20130921	198.875
20130922	NA
20130923	NA
20130924	216.125
20130925	NA
20130926	NA
20130927	NA
20130928	NA
20130929	NA
20130930	NA
20131001	110.291666666667
20131002	162.666666666667
20131003	178.583333333333
20131004	NA
20131005	NA
20131006	150.625
20131007	101.666666666667
20131008	NA
20131009	173.875
20131010	142.5
20131011	NA
20131012	134.958333333333
20131013	NA
20131014	NA
20131015	NA
20131016	NA
20131017	127.583333333333
20131018	NA
20131019	NA
20131020	110.541666666667
20131021	NA
20131022	83.4166666666667
20131023	NA
20131024	NA
20131025	155.375
20131026	NA
20131027	NA
20131028	139.208333333333
20131029	111.875
20131030	103.25
20131031	72.3333333333333
20131101	164.708333333333
20131102	NA
20131103	137.75
20131104	93.25
20131105	72.375
20131106	121.125
20131107	66.4583333333333
20131108	125.583333333333
20131109	NA
20131110	100.125
20131111	NA
20131112	NA
20131113	NA
20131114	NA
20131115	175.083333333333
20131116	NA
20131117	137.416666666667
20131118	132.25
20131119	NA
20131120	NA
20131121	NA
20131122	NA
20131123	NA
20131124	NA
20131125	90.4583333333333
20131126	149.083333333333
20131127	73.25
20131128	80.625
20131129	109.333333333333
20131130	143.458333333333
20131201	87.5833333333333
20131202	62.3333333333333
20131203	41.375
20131204	97.0416666666667
20131205	161.375
20131206	157.416666666667
20131207	NA
20131208	75.6666666666667
20131209	NA
20131210	NA
20131211	156.625
20131212	106.041666666667
20131213	83.0416666666667
20131214	150.833333333333
20131215	106.75
20131216	111.666666666667
20131217	96.7916666666667
20131218	NA
20131219	105.208333333333
20131220	103.791666666667
20131221	128.333333333333
20131222	129.291666666667
20131223	158.416666666667
20131224	119.375
20131225	108.833333333333
20131226	NA
20131227	111.625
20131228	NA
20131229	170.375
20131230	178.291666666667
20131231	166.041666666667
20140101	NA
20140102	NA
20140103	NA
20140104	104.625
20140105	NA
20140106	NA
20140107	NA
20140108	NA
20140109	NA
20140110	231.75
20140111	NA
20140112	161.5
20140113	NA
20140114	139
20140115	NA
20140116	141.583333333333
20140117	133
20140118	NA
20140119	NA
20140120	NA
20140121	NA
20140122	NA
20140123	70.8333333333333
20140124	NA
20140125	152.166666666667
20140126	NA
20140127	NA
20140128	160.041666666667
20140129	NA
20140130	NA
20140131	NA
20140201	NA
20140202	NA
20140203	107.5
20140204	109.791666666667
20140205	NA
20140206	NA
20140207	142
20140208	165.958333333333
20140209	145.541666666667
20140210	NA
20140211	117.291666666667
20140212	145.5
20140213	89.75
20140214	117.625
20140215	139.708333333333
20140216	NA
20140217	107.208333333333
20140218	NA
20140219	NA
20140220	NA
20140221	NA
20140222	NA
20140223	NA
20140224	NA
20140225	NA
20140226	NA
20140227	NA
20140228	NA
20140301	NA
20140302	NA
20140303	NA
20140304	NA
20140305	NA
20140306	NA
20140307	NA
20140308	NA
20140309	NA
20140310	NA
20140311	NA
20140312	NA
20140313	NA
20140314	NA
20140315	134.416666666667
20140316	NA
20140317	134.625
20140318	83.0833333333333
20140319	150.125
20140320	NA
20140321	NA
20140322	135.541666666667
20140323	NA
20140324	NA
20140325	NA
20140326	NA
20140327	175.041666666667
20140328	NA
20140329	NA
20140330	NA
20140331	NA
20140401	NA
20140402	NA
20140403	NA
20140404	NA
20140405	NA
20140406	NA
20140407	NA
20140408	NA
20140409	NA
20140410	NA
20140411	NA
20140412	NA
20140413	NA
20140414	NA
20140415	NA
20140416	NA
20140417	NA
20140418	NA
20140419	109.5
20140420	NA
20140421	NA
20140422	81.9166666666667
20140423	NA
20140424	112.666666666667
20140425	169.5
20140426	154.541666666667
20140427	NA
20140428	NA
20140429	NA
20140430	NA
20140501	156.375
20140502	87.1666666666667
20140503	126.25
20140504	164.666666666667
20140505	NA
20140506	NA
20140507	NA
20140508	101.5
20140509	65.0833333333333
20140510	103.416666666667
20140511	162.166666666667
20140512	166.041666666667
20140513	130.916666666667
20140514	NA
20140515	95.5416666666667
20140516	NA
20140517	NA
20140518	NA
20140519	NA
20140520	NA
20140521	NA
20140522	NA
20140523	NA
20140524	NA
20140525	NA
20140526	NA
20140527	NA
20140528	NA
20140529	NA
20140530	NA
20140531	130.083333333333
20140601	NA
20140602	89.5416666666667
20140603	NA
20140604	NA
20140605	NA
20140606	NA
20140607	NA
20140608	NA
20140609	NA
20140610	NA
20140611	NA
20140612	NA
20140613	NA
20140614	NA
20140615	NA
20140616	NA
20140617	NA
20140618	NA
20140619	NA
20140620	NA
20140621	NA
20140622	NA
20140623	NA
20140624	NA
20140625	NA
20140626	NA
20140627	NA
20140628	NA
20140629	NA
20140630	NA
20140701	NA
20140702	-18
