Date	Value
20000101	-770.65
20000102	NA
20000103	NA
20000104	NA
20000105	NA
20000106	NA
20000107	NA
20000108	NA
20000109	NA
20000110	NA
20000111	546.233333333333
20000112	NA
20000113	NA
20000114	NA
20000115	NA
20000116	NA
20000117	NA
20000118	NA
20000119	NA
20000120	NA
20000121	NA
20000122	NA
20000123	NA
20000124	NA
20000125	441.6
20000126	NA
20000127	NA
20000128	NA
20000129	NA
20000130	NA
20000131	NA
20000201	NA
20000202	NA
20000203	NA
20000204	NA
20000205	NA
20000206	4.8
20000207	NA
20000208	NA
20000209	NA
20000210	NA
20000211	NA
20000212	NA
20000213	NA
20000214	NA
20000215	NA
20000216	NA
20000217	NA
20000218	NA
20000219	NA
20000220	NA
20000221	NA
20000222	NA
20000223	NA
20000224	NA
20000225	NA
20000226	NA
20000227	NA
20000228	NA
20000229	NA
20000301	NA
20000302	NA
20000303	NA
20000304	NA
20000305	NA
20000306	NA
20000307	NA
20000308	NA
20000309	NA
20000310	NA
20000311	NA
20000312	NA
20000313	NA
20000314	NA
20000315	NA
20000316	NA
20000317	NA
20000318	NA
20000319	NA
20000320	NA
20000321	NA
20000322	NA
20000323	NA
20000324	NA
20000325	NA
20000326	NA
20000327	NA
20000328	NA
20000329	NA
20000330	NA
20000331	NA
20000401	NA
20000402	NA
20000403	NA
20000404	NA
20000405	NA
20000406	NA
20000407	NA
20000408	NA
20000409	NA
20000410	NA
20000411	NA
20000412	NA
20000413	NA
20000414	NA
20000415	NA
20000416	NA
20000417	NA
20000418	NA
20000419	NA
20000420	NA
20000421	NA
20000422	NA
20000423	NA
20000424	NA
20000425	NA
20000426	NA
20000427	NA
20000428	NA
20000429	NA
20000430	NA
20000501	NA
20000502	NA
20000503	NA
20000504	NA
20000505	NA
20000506	NA
20000507	NA
20000508	NA
20000509	NA
20000510	NA
20000511	NA
20000512	NA
20000513	NA
20000514	NA
20000515	NA
20000516	NA
20000517	NA
20000518	NA
20000519	NA
20000520	NA
20000521	NA
20000522	NA
20000523	NA
20000524	NA
20000525	NA
20000526	NA
20000527	NA
20000528	NA
20000529	NA
20000530	NA
20000531	NA
20000601	NA
20000602	NA
20000603	NA
20000604	NA
20000605	NA
20000606	NA
20000607	NA
20000608	NA
20000609	NA
20000610	NA
20000611	NA
20000612	NA
20000613	NA
20000614	NA
20000615	NA
20000616	NA
20000617	NA
20000618	NA
20000619	NA
20000620	NA
20000621	NA
20000622	NA
20000623	NA
20000624	NA
20000625	NA
20000626	NA
20000627	NA
20000628	NA
20000629	NA
20000630	NA
20000701	NA
20000702	NA
20000703	NA
20000704	NA
20000705	NA
20000706	NA
20000707	NA
20000708	NA
20000709	NA
20000710	NA
20000711	NA
20000712	NA
20000713	NA
20000714	NA
20000715	NA
20000716	NA
20000717	NA
20000718	NA
20000719	NA
20000720	NA
20000721	NA
20000722	NA
20000723	NA
20000724	NA
20000725	NA
20000726	NA
20000727	NA
20000728	NA
20000729	NA
20000730	NA
20000731	NA
20000801	NA
20000802	NA
20000803	NA
20000804	NA
20000805	NA
20000806	NA
20000807	NA
20000808	NA
20000809	NA
20000810	NA
20000811	NA
20000812	NA
20000813	NA
20000814	NA
20000815	NA
20000816	NA
20000817	NA
20000818	NA
20000819	NA
20000820	NA
20000821	NA
20000822	NA
20000823	NA
20000824	NA
20000825	NA
20000826	NA
20000827	NA
20000828	NA
20000829	NA
20000830	NA
20000831	NA
20000901	NA
20000902	NA
20000903	NA
20000904	NA
20000905	NA
20000906	NA
20000907	NA
20000908	NA
20000909	NA
20000910	NA
20000911	NA
20000912	NA
20000913	NA
20000914	NA
20000915	NA
20000916	NA
20000917	NA
20000918	NA
20000919	NA
20000920	NA
20000921	NA
20000922	NA
20000923	NA
20000924	NA
20000925	NA
20000926	NA
20000927	NA
20000928	NA
20000929	NA
20000930	NA
20001001	NA
20001002	NA
20001003	NA
20001004	NA
20001005	NA
20001006	NA
20001007	NA
20001008	NA
20001009	NA
20001010	NA
20001011	NA
20001012	NA
20001013	NA
20001014	NA
20001015	NA
20001016	NA
20001017	NA
20001018	NA
20001019	NA
20001020	NA
20001021	NA
20001022	NA
20001023	NA
20001024	NA
20001025	NA
20001026	NA
20001027	NA
20001028	NA
20001029	NA
20001030	NA
20001031	NA
20001101	NA
20001102	NA
20001103	NA
20001104	NA
20001105	NA
20001106	NA
20001107	NA
20001108	NA
20001109	NA
20001110	NA
20001111	NA
20001112	NA
20001113	NA
20001114	NA
20001115	NA
20001116	1.4
20001117	NA
20001118	NA
20001119	NA
20001120	NA
20001121	NA
20001122	NA
20001123	NA
20001124	NA
20001125	NA
20001126	NA
20001127	NA
20001128	NA
20001129	NA
20001130	NA
20001201	NA
20001202	NA
20001203	NA
20001204	NA
20001205	NA
20001206	NA
20001207	NA
20001208	NA
20001209	NA
20001210	NA
20001211	NA
20001212	NA
20001213	NA
20001214	NA
20001215	NA
20001216	NA
20001217	NA
20001218	NA
20001219	NA
20001220	NA
20001221	NA
20001222	NA
20001223	NA
20001224	NA
20001225	NA
20001226	NA
20001227	NA
20001228	NA
20001229	NA
20001230	NA
20001231	NA
20010101	NA
20010102	NA
20010103	NA
20010104	NA
20010105	NA
20010106	NA
20010107	NA
20010108	NA
20010109	NA
20010110	NA
20010111	NA
20010112	NA
20010113	NA
20010114	NA
20010115	NA
20010116	NA
20010117	NA
20010118	NA
20010119	NA
20010120	NA
20010121	NA
20010122	NA
20010123	NA
20010124	NA
20010125	NA
20010126	NA
20010127	NA
20010128	NA
20010129	NA
20010130	NA
20010131	NA
20010201	NA
20010202	NA
20010203	NA
20010204	NA
20010205	NA
20010206	NA
20010207	NA
20010208	NA
20010209	NA
20010210	NA
20010211	NA
20010212	NA
20010213	NA
20010214	NA
20010215	NA
20010216	NA
20010217	NA
20010218	NA
20010219	NA
20010220	NA
20010221	NA
20010222	NA
20010223	NA
20010224	NA
20010225	NA
20010226	NA
20010227	NA
20010228	NA
20010301	NA
20010302	NA
20010303	NA
20010304	NA
20010305	NA
20010306	NA
20010307	NA
20010308	NA
20010309	NA
20010310	NA
20010311	NA
20010312	NA
20010313	NA
20010314	NA
20010315	NA
20010316	NA
20010317	NA
20010318	NA
20010319	NA
20010320	NA
20010321	NA
20010322	NA
20010323	NA
20010324	NA
20010325	NA
20010326	NA
20010327	NA
20010328	NA
20010329	NA
20010330	NA
20010331	NA
20010401	NA
20010402	NA
20010403	NA
20010404	NA
20010405	NA
20010406	NA
20010407	NA
20010408	NA
20010409	NA
20010410	NA
20010411	NA
20010412	NA
20010413	NA
20010414	NA
20010415	NA
20010416	NA
20010417	NA
20010418	NA
20010419	NA
20010420	NA
20010421	NA
20010422	NA
20010423	NA
20010424	NA
20010425	NA
20010426	NA
20010427	NA
20010428	NA
20010429	NA
20010430	NA
20010501	NA
20010502	NA
20010503	NA
20010504	NA
20010505	NA
20010506	NA
20010507	NA
20010508	NA
20010509	NA
20010510	NA
20010511	NA
20010512	NA
20010513	NA
20010514	NA
20010515	NA
20010516	NA
20010517	NA
20010518	NA
20010519	NA
20010520	NA
20010521	NA
20010522	NA
20010523	NA
20010524	NA
20010525	NA
20010526	NA
20010527	NA
20010528	NA
20010529	NA
20010530	NA
20010531	NA
20010601	NA
20010602	NA
20010603	NA
20010604	NA
20010605	NA
20010606	NA
20010607	NA
20010608	NA
20010609	NA
20010610	NA
20010611	NA
20010612	NA
20010613	NA
20010614	NA
20010615	NA
20010616	NA
20010617	NA
20010618	NA
20010619	NA
20010620	NA
20010621	NA
20010622	NA
20010623	NA
20010624	NA
20010625	NA
20010626	NA
20010627	NA
20010628	NA
20010629	NA
20010630	NA
20010701	NA
20010702	NA
20010703	NA
20010704	NA
20010705	NA
20010706	NA
20010707	NA
20010708	NA
20010709	NA
20010710	NA
20010711	NA
20010712	NA
20010713	NA
20010714	NA
20010715	NA
20010716	NA
20010717	NA
20010718	NA
20010719	NA
20010720	NA
20010721	NA
20010722	NA
20010723	NA
20010724	NA
20010725	NA
20010726	NA
20010727	NA
20010728	NA
20010729	NA
20010730	NA
20010731	NA
20010801	NA
20010802	NA
20010803	NA
20010804	1.6
20010805	NA
20010806	NA
20010807	NA
20010808	NA
20010809	NA
20010810	NA
20010811	NA
20010812	NA
20010813	NA
20010814	NA
20010815	NA
20010816	NA
20010817	NA
20010818	NA
20010819	NA
20010820	NA
20010821	NA
20010822	NA
20010823	NA
20010824	NA
20010825	NA
20010826	NA
20010827	NA
20010828	NA
20010829	NA
20010830	NA
20010831	NA
20010901	NA
20010902	NA
20010903	NA
20010904	NA
20010905	NA
20010906	NA
20010907	NA
20010908	NA
20010909	NA
20010910	NA
20010911	NA
20010912	NA
20010913	NA
20010914	NA
20010915	NA
20010916	NA
20010917	NA
20010918	NA
20010919	NA
20010920	NA
20010921	NA
20010922	NA
20010923	NA
20010924	NA
20010925	NA
20010926	NA
20010927	NA
20010928	NA
20010929	NA
20010930	NA
20011001	NA
20011002	NA
20011003	NA
20011004	NA
20011005	NA
20011006	NA
20011007	NA
20011008	NA
20011009	NA
20011010	NA
20011011	NA
20011012	NA
20011013	NA
20011014	NA
20011015	NA
20011016	NA
20011017	NA
20011018	NA
20011019	NA
20011020	NA
20011021	NA
20011022	NA
20011023	NA
20011024	NA
20011025	NA
20011026	NA
20011027	NA
20011028	NA
20011029	NA
20011030	NA
20011031	NA
20011101	NA
20011102	NA
20011103	NA
20011104	NA
20011105	NA
20011106	NA
20011107	NA
20011108	NA
20011109	NA
20011110	NA
20011111	NA
20011112	NA
20011113	NA
20011114	NA
20011115	NA
20011116	NA
20011117	NA
20011118	NA
20011119	NA
20011120	NA
20011121	NA
20011122	NA
20011123	NA
20011124	NA
20011125	NA
20011126	NA
20011127	NA
20011128	NA
20011129	NA
20011130	NA
20011201	NA
20011202	NA
20011203	NA
20011204	NA
20011205	NA
20011206	NA
20011207	NA
20011208	NA
20011209	NA
20011210	NA
20011211	NA
20011212	NA
20011213	NA
20011214	NA
20011215	NA
20011216	NA
20011217	NA
20011218	NA
20011219	NA
20011220	NA
20011221	NA
20011222	NA
20011223	NA
20011224	NA
20011225	NA
20011226	NA
20011227	NA
20011228	NA
20011229	NA
20011230	NA
20011231	NA
20020101	NA
20020102	NA
20020103	NA
20020104	NA
20020105	NA
20020106	708.6
20020107	NA
20020108	NA
20020109	NA
20020110	NA
20020111	NA
20020112	NA
20020113	NA
20020114	NA
20020115	NA
20020116	NA
20020117	NA
20020118	NA
20020119	NA
20020120	NA
20020121	NA
20020122	NA
20020123	NA
20020124	NA
20020125	NA
20020126	NA
20020127	NA
20020128	NA
20020129	NA
20020130	NA
20020131	NA
20020201	NA
20020202	NA
20020203	NA
20020204	NA
20020205	NA
20020206	NA
20020207	NA
20020208	NA
20020209	NA
20020210	NA
20020211	NA
20020212	NA
20020213	NA
20020214	NA
20020215	NA
20020216	NA
20020217	NA
20020218	NA
20020219	NA
20020220	NA
20020221	NA
20020222	NA
20020223	NA
20020224	NA
20020225	NA
20020226	NA
20020227	NA
20020228	NA
20020301	NA
20020302	NA
20020303	NA
20020304	NA
20020305	NA
20020306	NA
20020307	NA
20020308	NA
20020309	NA
20020310	NA
20020311	NA
20020312	NA
20020313	NA
20020314	NA
20020315	NA
20020316	NA
20020317	NA
20020318	NA
20020319	NA
20020320	NA
20020321	NA
20020322	NA
20020323	NA
20020324	NA
20020325	NA
20020326	NA
20020327	NA
20020328	NA
20020329	NA
20020330	NA
20020331	NA
20020401	NA
20020402	NA
20020403	NA
20020404	NA
20020405	NA
20020406	NA
20020407	NA
20020408	NA
20020409	NA
20020410	NA
20020411	NA
20020412	NA
20020413	NA
20020414	NA
20020415	NA
20020416	NA
20020417	NA
20020418	NA
20020419	NA
20020420	NA
20020421	NA
20020422	NA
20020423	NA
20020424	NA
20020425	NA
20020426	NA
20020427	NA
20020428	NA
20020429	NA
20020430	NA
20020501	NA
20020502	NA
20020503	NA
20020504	NA
20020505	NA
20020506	NA
20020507	NA
20020508	NA
20020509	NA
20020510	NA
20020511	NA
20020512	NA
20020513	NA
20020514	NA
20020515	NA
20020516	NA
20020517	NA
20020518	NA
20020519	NA
20020520	NA
20020521	NA
20020522	NA
20020523	NA
20020524	NA
20020525	NA
20020526	NA
20020527	NA
20020528	NA
20020529	NA
20020530	NA
20020531	NA
20020601	NA
20020602	NA
20020603	NA
20020604	NA
20020605	NA
20020606	NA
20020607	NA
20020608	NA
20020609	NA
20020610	NA
20020611	NA
20020612	NA
20020613	NA
20020614	NA
20020615	NA
20020616	NA
20020617	NA
20020618	NA
20020619	NA
20020620	NA
20020621	NA
20020622	NA
20020623	NA
20020624	NA
20020625	NA
20020626	NA
20020627	NA
20020628	NA
20020629	NA
20020630	NA
20020701	NA
20020702	NA
20020703	NA
20020704	NA
20020705	NA
20020706	NA
20020707	NA
20020708	NA
20020709	NA
20020710	NA
20020711	NA
20020712	NA
20020713	NA
20020714	NA
20020715	NA
20020716	NA
20020717	NA
20020718	NA
20020719	NA
20020720	NA
20020721	NA
20020722	NA
20020723	NA
20020724	NA
20020725	NA
20020726	NA
20020727	NA
20020728	NA
20020729	NA
20020730	NA
20020731	NA
20020801	NA
20020802	NA
20020803	NA
20020804	NA
20020805	NA
20020806	NA
20020807	NA
20020808	NA
20020809	NA
20020810	NA
20020811	NA
20020812	NA
20020813	NA
20020814	NA
20020815	NA
20020816	NA
20020817	NA
20020818	NA
20020819	NA
20020820	NA
20020821	NA
20020822	NA
20020823	NA
20020824	NA
20020825	NA
20020826	NA
20020827	NA
20020828	NA
20020829	NA
20020830	NA
20020831	NA
20020901	NA
20020902	NA
20020903	NA
20020904	NA
20020905	NA
20020906	NA
20020907	NA
20020908	NA
20020909	NA
20020910	NA
20020911	NA
20020912	NA
20020913	NA
20020914	NA
20020915	NA
20020916	NA
20020917	NA
20020918	NA
20020919	NA
20020920	NA
20020921	NA
20020922	NA
20020923	NA
20020924	NA
20020925	NA
20020926	NA
20020927	NA
20020928	NA
20020929	NA
20020930	NA
20021001	NA
20021002	NA
20021003	NA
20021004	NA
20021005	NA
20021006	NA
20021007	NA
20021008	NA
20021009	NA
20021010	NA
20021011	NA
20021012	NA
20021013	NA
20021014	NA
20021015	NA
20021016	NA
20021017	NA
20021018	NA
20021019	NA
20021020	NA
20021021	NA
20021022	NA
20021023	NA
20021024	NA
20021025	NA
20021026	NA
20021027	NA
20021028	NA
20021029	NA
20021030	NA
20021031	NA
20021101	NA
20021102	NA
20021103	NA
20021104	NA
20021105	NA
20021106	NA
20021107	NA
20021108	NA
20021109	NA
20021110	NA
20021111	NA
20021112	NA
20021113	NA
20021114	NA
20021115	NA
20021116	NA
20021117	NA
20021118	NA
20021119	NA
20021120	NA
20021121	NA
20021122	NA
20021123	NA
20021124	NA
20021125	NA
20021126	NA
20021127	NA
20021128	NA
20021129	NA
20021130	NA
20021201	NA
20021202	NA
20021203	NA
20021204	NA
20021205	NA
20021206	NA
20021207	NA
20021208	NA
20021209	NA
20021210	NA
20021211	NA
20021212	NA
20021213	NA
20021214	NA
20021215	NA
20021216	NA
20021217	NA
20021218	NA
20021219	NA
20021220	NA
20021221	NA
20021222	NA
20021223	NA
20021224	NA
20021225	NA
20021226	NA
20021227	NA
20021228	NA
20021229	NA
20021230	NA
20021231	NA
20030101	NA
20030102	NA
20030103	NA
20030104	NA
20030105	NA
20030106	NA
20030107	NA
20030108	NA
20030109	NA
20030110	NA
20030111	NA
20030112	NA
20030113	NA
20030114	NA
20030115	NA
20030116	NA
20030117	NA
20030118	NA
20030119	NA
20030120	NA
20030121	NA
20030122	NA
20030123	NA
20030124	NA
20030125	NA
20030126	NA
20030127	NA
20030128	NA
20030129	NA
20030130	NA
20030131	NA
20030201	NA
20030202	NA
20030203	NA
20030204	NA
20030205	NA
20030206	NA
20030207	NA
20030208	NA
20030209	NA
20030210	NA
20030211	NA
20030212	NA
20030213	NA
20030214	NA
20030215	NA
20030216	NA
20030217	NA
20030218	NA
20030219	NA
20030220	NA
20030221	NA
20030222	NA
20030223	NA
20030224	NA
20030225	NA
20030226	NA
20030227	NA
20030228	NA
20030301	NA
20030302	NA
20030303	NA
20030304	NA
20030305	NA
20030306	NA
20030307	NA
20030308	NA
20030309	NA
20030310	NA
20030311	NA
20030312	NA
20030313	NA
20030314	NA
20030315	NA
20030316	NA
20030317	NA
20030318	NA
20030319	NA
20030320	NA
20030321	NA
20030322	NA
20030323	NA
20030324	NA
20030325	NA
20030326	NA
20030327	NA
20030328	NA
20030329	NA
20030330	NA
20030331	NA
20030401	NA
20030402	NA
20030403	NA
20030404	NA
20030405	NA
20030406	NA
20030407	NA
20030408	NA
20030409	NA
20030410	NA
20030411	NA
20030412	NA
20030413	NA
20030414	NA
20030415	NA
20030416	NA
20030417	NA
20030418	NA
20030419	NA
20030420	NA
20030421	NA
20030422	NA
20030423	NA
20030424	NA
20030425	NA
20030426	NA
20030427	NA
20030428	NA
20030429	NA
20030430	NA
20030501	NA
20030502	NA
20030503	NA
20030504	NA
20030505	NA
20030506	NA
20030507	NA
20030508	NA
20030509	NA
20030510	NA
20030511	NA
20030512	NA
20030513	NA
20030514	NA
20030515	NA
20030516	NA
20030517	NA
20030518	NA
20030519	NA
20030520	NA
20030521	NA
20030522	NA
20030523	NA
20030524	NA
20030525	NA
20030526	NA
20030527	NA
20030528	NA
20030529	NA
20030530	NA
20030531	NA
20030601	NA
20030602	NA
20030603	NA
20030604	NA
20030605	NA
20030606	NA
20030607	NA
20030608	NA
20030609	NA
20030610	NA
20030611	NA
20030612	NA
20030613	NA
20030614	NA
20030615	NA
20030616	NA
20030617	NA
20030618	NA
20030619	NA
20030620	NA
20030621	NA
20030622	NA
20030623	NA
20030624	NA
20030625	NA
20030626	NA
20030627	NA
20030628	NA
20030629	NA
20030630	NA
20030701	NA
20030702	NA
20030703	NA
20030704	NA
20030705	NA
20030706	NA
20030707	NA
20030708	NA
20030709	NA
20030710	NA
20030711	NA
20030712	NA
20030713	NA
20030714	NA
20030715	NA
20030716	NA
20030717	NA
20030718	NA
20030719	NA
20030720	NA
20030721	NA
20030722	NA
20030723	NA
20030724	NA
20030725	NA
20030726	NA
20030727	NA
20030728	NA
20030729	NA
20030730	NA
20030731	NA
20030801	NA
20030802	NA
20030803	NA
20030804	NA
20030805	NA
20030806	NA
20030807	NA
20030808	NA
20030809	NA
20030810	NA
20030811	NA
20030812	NA
20030813	NA
20030814	NA
20030815	NA
20030816	NA
20030817	NA
20030818	NA
20030819	NA
20030820	NA
20030821	NA
20030822	NA
20030823	NA
20030824	NA
20030825	NA
20030826	NA
20030827	NA
20030828	NA
20030829	NA
20030830	NA
20030831	NA
20030901	NA
20030902	NA
20030903	NA
20030904	NA
20030905	NA
20030906	NA
20030907	NA
20030908	NA
20030909	NA
20030910	NA
20030911	NA
20030912	NA
20030913	NA
20030914	NA
20030915	NA
20030916	NA
20030917	NA
20030918	NA
20030919	NA
20030920	NA
20030921	NA
20030922	NA
20030923	NA
20030924	NA
20030925	NA
20030926	NA
20030927	NA
20030928	NA
20030929	NA
20030930	NA
20031001	NA
20031002	NA
20031003	NA
20031004	NA
20031005	NA
20031006	NA
20031007	NA
20031008	NA
20031009	NA
20031010	NA
20031011	NA
20031012	NA
20031013	NA
20031014	NA
20031015	NA
20031016	NA
20031017	NA
20031018	NA
20031019	NA
20031020	NA
20031021	NA
20031022	NA
20031023	NA
20031024	NA
20031025	NA
20031026	NA
20031027	NA
20031028	NA
20031029	NA
20031030	NA
20031031	NA
20031101	NA
20031102	NA
20031103	NA
20031104	NA
20031105	NA
20031106	NA
20031107	NA
20031108	NA
20031109	NA
20031110	NA
20031111	NA
20031112	NA
20031113	NA
20031114	NA
20031115	NA
20031116	NA
20031117	NA
20031118	NA
20031119	NA
20031120	NA
20031121	NA
20031122	NA
20031123	NA
20031124	NA
20031125	NA
20031126	NA
20031127	NA
20031128	NA
20031129	NA
20031130	NA
20031201	NA
20031202	NA
20031203	NA
20031204	NA
20031205	NA
20031206	NA
20031207	NA
20031208	NA
20031209	NA
20031210	NA
20031211	NA
20031212	NA
20031213	NA
20031214	NA
20031215	NA
20031216	NA
20031217	NA
20031218	NA
20031219	NA
20031220	NA
20031221	NA
20031222	NA
20031223	NA
20031224	NA
20031225	NA
20031226	NA
20031227	NA
20031228	NA
20031229	NA
20031230	NA
20031231	NA
20040101	NA
20040102	NA
20040103	NA
20040104	NA
20040105	NA
20040106	NA
20040107	NA
20040108	NA
20040109	NA
20040110	NA
20040111	NA
20040112	NA
20040113	NA
20040114	NA
20040115	NA
20040116	NA
20040117	NA
20040118	NA
20040119	NA
20040120	NA
20040121	NA
20040122	NA
20040123	NA
20040124	NA
20040125	NA
20040126	NA
20040127	NA
20040128	NA
20040129	NA
20040130	NA
20040131	NA
20040201	NA
20040202	NA
20040203	NA
20040204	NA
20040205	NA
20040206	NA
20040207	NA
20040208	NA
20040209	NA
20040210	NA
20040211	NA
20040212	NA
20040213	NA
20040214	NA
20040215	NA
20040216	NA
20040217	NA
20040218	NA
20040219	NA
20040220	NA
20040221	NA
20040222	NA
20040223	NA
20040224	NA
20040225	NA
20040226	NA
20040227	NA
20040228	NA
20040229	NA
20040301	NA
20040302	NA
20040303	NA
20040304	NA
20040305	NA
20040306	NA
20040307	NA
20040308	NA
20040309	NA
20040310	NA
20040311	NA
20040312	NA
20040313	NA
20040314	NA
20040315	NA
20040316	NA
20040317	NA
20040318	NA
20040319	NA
20040320	NA
20040321	NA
20040322	NA
20040323	NA
20040324	NA
20040325	NA
20040326	NA
20040327	NA
20040328	NA
20040329	NA
20040330	NA
20040331	NA
20040401	NA
20040402	NA
20040403	NA
20040404	NA
20040405	NA
20040406	NA
20040407	NA
20040408	NA
20040409	NA
20040410	NA
20040411	NA
20040412	NA
20040413	NA
20040414	NA
20040415	NA
20040416	NA
20040417	NA
20040418	NA
20040419	NA
20040420	NA
20040421	NA
20040422	NA
20040423	NA
20040424	NA
20040425	NA
20040426	NA
20040427	NA
20040428	NA
20040429	NA
20040430	NA
20040501	NA
20040502	NA
20040503	NA
20040504	NA
20040505	NA
20040506	NA
20040507	NA
20040508	NA
20040509	NA
20040510	NA
20040511	NA
20040512	NA
20040513	NA
20040514	NA
20040515	NA
20040516	NA
20040517	NA
20040518	NA
20040519	NA
20040520	NA
20040521	NA
20040522	NA
20040523	NA
20040524	NA
20040525	NA
20040526	NA
20040527	NA
20040528	NA
20040529	NA
20040530	NA
20040531	NA
20040601	NA
20040602	NA
20040603	NA
20040604	NA
20040605	NA
20040606	NA
20040607	NA
20040608	NA
20040609	NA
20040610	NA
20040611	NA
20040612	NA
20040613	NA
20040614	NA
20040615	NA
20040616	NA
20040617	NA
20040618	NA
20040619	NA
20040620	NA
20040621	NA
20040622	NA
20040623	NA
20040624	NA
20040625	NA
20040626	NA
20040627	NA
20040628	NA
20040629	NA
20040630	NA
20040701	NA
20040702	NA
20040703	NA
20040704	NA
20040705	NA
20040706	NA
20040707	NA
20040708	NA
20040709	NA
20040710	NA
20040711	NA
20040712	NA
20040713	NA
20040714	NA
20040715	NA
20040716	NA
20040717	NA
20040718	NA
20040719	NA
20040720	NA
20040721	NA
20040722	NA
20040723	NA
20040724	NA
20040725	NA
20040726	NA
20040727	NA
20040728	NA
20040729	NA
20040730	NA
20040731	NA
20040801	NA
20040802	NA
20040803	NA
20040804	NA
20040805	NA
20040806	NA
20040807	NA
20040808	NA
20040809	NA
20040810	NA
20040811	NA
20040812	NA
20040813	NA
20040814	NA
20040815	NA
20040816	NA
20040817	NA
20040818	NA
20040819	NA
20040820	NA
20040821	NA
20040822	NA
20040823	NA
20040824	NA
20040825	NA
20040826	NA
20040827	NA
20040828	NA
20040829	NA
20040830	NA
20040831	NA
20040901	NA
20040902	NA
20040903	NA
20040904	NA
20040905	NA
20040906	NA
20040907	NA
20040908	NA
20040909	NA
20040910	NA
20040911	NA
20040912	NA
20040913	NA
20040914	NA
20040915	NA
20040916	NA
20040917	NA
20040918	NA
20040919	NA
20040920	NA
20040921	NA
20040922	NA
20040923	NA
20040924	NA
20040925	NA
20040926	NA
20040927	NA
20040928	NA
20040929	NA
20040930	NA
20041001	NA
20041002	NA
20041003	NA
20041004	NA
20041005	NA
20041006	NA
20041007	NA
20041008	NA
20041009	NA
20041010	NA
20041011	NA
20041012	NA
20041013	NA
20041014	NA
20041015	NA
20041016	NA
20041017	NA
20041018	NA
20041019	NA
20041020	NA
20041021	NA
20041022	NA
20041023	NA
20041024	NA
20041025	NA
20041026	NA
20041027	NA
20041028	NA
20041029	NA
20041030	NA
20041031	NA
20041101	NA
20041102	NA
20041103	NA
20041104	NA
20041105	NA
20041106	NA
20041107	NA
20041108	NA
20041109	NA
20041110	NA
20041111	NA
20041112	NA
20041113	NA
20041114	NA
20041115	NA
20041116	NA
20041117	NA
20041118	NA
20041119	NA
20041120	NA
20041121	NA
20041122	NA
20041123	NA
20041124	NA
20041125	NA
20041126	NA
20041127	NA
20041128	NA
20041129	NA
20041130	NA
20041201	NA
20041202	NA
20041203	NA
20041204	NA
20041205	NA
20041206	NA
20041207	NA
20041208	NA
20041209	NA
20041210	NA
20041211	NA
20041212	NA
20041213	NA
20041214	NA
20041215	NA
20041216	NA
20041217	NA
20041218	NA
20041219	NA
20041220	NA
20041221	NA
20041222	NA
20041223	NA
20041224	NA
20041225	NA
20041226	NA
20041227	NA
20041228	NA
20041229	NA
20041230	NA
20041231	NA
20050101	NA
20050102	NA
20050103	NA
20050104	NA
20050105	NA
20050106	NA
20050107	NA
20050108	NA
20050109	NA
20050110	NA
20050111	NA
20050112	NA
20050113	NA
20050114	NA
20050115	NA
20050116	NA
20050117	NA
20050118	NA
20050119	NA
20050120	NA
20050121	NA
20050122	NA
20050123	NA
20050124	NA
20050125	NA
20050126	NA
20050127	NA
20050128	NA
20050129	NA
20050130	NA
20050131	NA
20050201	NA
20050202	NA
20050203	NA
20050204	NA
20050205	NA
20050206	NA
20050207	NA
20050208	NA
20050209	NA
20050210	NA
20050211	NA
20050212	NA
20050213	NA
20050214	NA
20050215	NA
20050216	NA
20050217	NA
20050218	NA
20050219	NA
20050220	NA
20050221	NA
20050222	NA
20050223	NA
20050224	NA
20050225	NA
20050226	NA
20050227	NA
20050228	NA
20050301	NA
20050302	NA
20050303	NA
20050304	NA
20050305	NA
20050306	NA
20050307	NA
20050308	NA
20050309	NA
20050310	NA
20050311	NA
20050312	NA
20050313	NA
20050314	NA
20050315	NA
20050316	NA
20050317	NA
20050318	NA
20050319	NA
20050320	NA
20050321	NA
20050322	NA
20050323	NA
20050324	NA
20050325	NA
20050326	NA
20050327	NA
20050328	NA
20050329	NA
20050330	NA
20050331	NA
20050401	NA
20050402	NA
20050403	NA
20050404	NA
20050405	NA
20050406	NA
20050407	NA
20050408	NA
20050409	NA
20050410	NA
20050411	NA
20050412	NA
20050413	NA
20050414	NA
20050415	NA
20050416	NA
20050417	NA
20050418	NA
20050419	23.3571428571429
20050420	20.7625
20050421	21.4791666666667
20050422	20.3260869565217
20050423	21.18
20050424	20.5375
20050425	21.0652173913043
20050426	21.9375
20050427	21.9083333333333
20050428	21.525
20050429	21.0136363636364
20050430	22.0347826086957
20050501	21.6625
20050502	21.296
20050503	20.3208333333333
20050504	20.525
20050505	422.631428571429
20050506	20.6083333333333
20050507	22.0291666666667
20050508	22.3172413793103
20050509	21.4041666666667
20050510	22.2
20050511	23.2375
20050512	23.2458333333333
20050513	22.2
20050514	21.2458333333333
20050515	20.2416666666667
20050516	21.79
20050517	20.3904761904762
20050518	21.5086956521739
20050519	20.2541666666667
20050520	21.4875
20050521	21.8083333333333
20050522	21.975
20050523	19.2789473684211
20050524	3277.8
20050525	21.5086956521739
20050526	21.995652173913
20050527	22.4
20050528	22.1
20050529	23.1958333333333
20050530	23.2125
20050531	22.5185185185185
20050601	21.0083333333333
20050602	21.4125
20050603	21.5791666666667
20050604	22.0583333333333
20050605	21.1434782608696
20050606	20.136
20050607	20.8434782608696
20050608	21.6962962962963
20050609	21.5130434782609
20050610	22.5458333333333
20050611	20.8708333333333
20050612	21.5708333333333
20050613	22.3041666666667
20050614	21.5791666666667
20050615	21.5807692307692
20050616	22.948
20050617	22.3458333333333
20050618	22.575
20050619	22.625
20050620	21.7958333333333
20050621	22.6041666666667
20050622	21.8
20050623	20.7103448275862
20050624	22.0642857142857
20050625	21.7384615384615
20050626	21.6375
20050627	22.425
20050628	21.5791666666667
20050629	20.8260869565217
20050630	19.12
20050701	22.7117647058824
20050702	23.2923076923077
20050703	23.4083333333333
20050704	22.76875
20050705	22
20050706	21.1833333333333
20050707	21.2285714285714
20050708	22.5105263157895
20050709	21.772
20050710	22.3291666666667
20050711	22.15
20050712	21.4791666666667
20050713	20.1791666666667
20050714	20.2458333333333
20050715	20.3083333333333
20050716	21.2642857142857
20050717	21.3833333333333
20050718	22.1708333333333
20050719	21.9708333333333
20050720	21.3090909090909
20050721	21.9217391304348
20050722	22.3833333333333
20050723	21.6857142857143
20050724	24.4090909090909
20050725	22.325
20050726	23.8739130434783
20050727	23.9666666666667
20050728	24.2173913043478
20050729	24.3304347826087
20050730	23.4375
20050731	22.5071428571429
20050801	3277.8
20050802	21.825
20050803	22.8
20050804	22.1826086956522
20050805	22.7083333333333
20050806	22.6333333333333
20050807	23.75
20050808	23.137037037037
20050809	22.5666666666667
20050810	22.0478260869565
20050811	21.6130434782609
20050812	22.7125
20050813	21.8916666666667
20050814	20.7125
20050815	21.4791666666667
20050816	19.775
20050817	20
20050818	20.9125
20050819	22.2695652173913
20050820	23.2826086956522
20050821	22.05
20050822	20.125
20050823	21.428
20050824	3277.8
20050825	21.6458333333333
20050826	21.2416666666667
20050827	21.6041666666667
20050828	20.3916666666667
20050829	21.5608695652174
20050830	21.4541666666667
20050831	22.14
20050901	22.3416666666667
20050902	22.0916666666667
20050903	20.5666666666667
20050904	22.4434782608696
20050905	22.5130434782609
20050906	21.7208333333333
20050907	21.3521739130435
20050908	23.55
20050909	22.2875
20050910	23.6541666666667
20050911	22.6583333333333
20050912	22.8130434782609
20050913	21.6318181818182
20050914	22.2173913043478
20050915	20.6684210526316
20050916	21.9666666666667
20050917	22.8952380952381
20050918	22.8181818181818
20050919	22.85
20050920	21.66
20050921	20.0714285714286
20050922	20.7157894736842
20050923	19.9857142857143
20050924	20.2333333333333
20050925	21.0041666666667
20050926	20.6916666666667
20050927	19.936
20050928	19.7772727272727
20050929	20.5
20050930	21.3695652173913
20051001	20.7321428571429
20051002	20.7260869565217
20051003	20.9478260869565
20051004	20.3208333333333
20051005	21.8272727272727
20051006	21.5
20051007	20.5363636363636
20051008	21.2269230769231
20051009	3277.8
20051010	21.3958333333333
20051011	20.2625
20051012	21.3625
20051013	21.1875
20051014	21.25
20051015	20.3041666666667
20051016	21.6740740740741
20051017	21.5333333333333
20051018	21.1041666666667
20051019	20.9857142857143
20051020	21.73125
20051021	21.4571428571429
20051022	20.3375
20051023	20.1208333333333
20051024	19.0379310344828
20051025	19.8791666666667
20051026	19.7083333333333
20051027	20.7208333333333
20051028	19.9565217391304
20051029	20.2291666666667
20051030	20.0739130434783
20051031	21.2478260869565
20051101	3277.8
20051102	21.3117647058824
20051103	21.125
20051104	20.4541666666667
20051105	21.4125
20051106	21.8086956521739
20051107	21.1958333333333
20051108	21.5869565217391
20051109	20.5
20051110	20.875
20051111	19.9217391304348
20051112	20.1708333333333
20051113	19.8695652173913
20051114	20.1541666666667
20051115	161.721739130435
20051116	19.9266666666667
20051117	21.05
20051118	20.1291666666667
20051119	20.6541666666667
20051120	20.7521739130435
20051121	20.2125
20051122	19.2
20051123	19.5904761904762
20051124	19.1888888888889
20051125	20.35
20051126	20.0333333333333
20051127	21.0333333333333
20051128	21
20051129	20.7958333333333
20051130	20.9136363636364
20051201	21.2038461538462
20051202	20.888
20051203	20.7791666666667
20051204	21.0208333333333
20051205	20.6208333333333
20051206	19.4565217391304
20051207	19.95
20051208	20.275
20051209	21.28
20051210	22.0083333333333
20051211	21.7
20051212	21.0304347826087
20051213	21.1521739130435
20051214	21.0347826086957
20051215	20.6875
20051216	20.704
20051217	3277.8
20051218	21.5833333333333
20051219	20.4136363636364
20051220	19.9521739130435
20051221	21.0041666666667
20051222	20.5541666666667
20051223	20.6
20051224	21.362962962963
20051225	20.8041666666667
20051226	NA
20051227	22.1
20051228	22.22
20051229	21.15
20051230	21.1
20051231	21.2833333333333
20060101	21.8
20060102	22.3222222222222
20060103	21.6791666666667
20060104	18.9636363636364
20060105	18.752380952381
20060106	19.1666666666667
20060107	19.9833333333333
20060108	20.1777777777778
20060109	21.9727272727273
20060110	21.4777777777778
20060111	22.3157894736842
20060112	21.625
20060113	21.8214285714286
20060114	22.4545454545455
20060115	21.62
20060116	21.7666666666667
20060117	22.765
20060118	21.2857142857143
20060119	22.785
20060120	21.5227272727273
20060121	22.0785714285714
20060122	22.7333333333333
20060123	22.7791666666667
20060124	21.675
20060125	22.7833333333333
20060126	23.5409090909091
20060127	21.9266666666667
20060128	23.05
20060129	21.7444444444444
20060130	23.7
20060131	22.475
20060201	21.4
20060202	22.1285714285714
20060203	21.1454545454545
20060204	20.48
20060205	21.3444444444444
20060206	0
20060207	NA
20060208	NA
20060209	NA
20060210	22.34375
20060211	22.7166666666667
20060212	22.5823529411765
20060213	22.0266666666667
20060214	22.2055555555556
20060215	21.97
20060216	22.735
20060217	22.3909090909091
20060218	22.676
20060219	22.5736842105263
20060220	22.92
20060221	22.595
20060222	22.6458333333333
20060223	23.6347826086957
20060224	23.512
20060225	3277.8
20060226	22.4333333333333
20060227	19.2318181818182
20060228	21.7777777777778
20060301	23.85
20060302	23.3260869565217
20060303	22.1045454545455
20060304	21.7235294117647
20060305	21.2833333333333
20060306	20.6769230769231
20060307	NA
20060308	19.7083333333333
20060309	19.9666666666667
20060310	21.4
20060311	23.0105263157895
20060312	21.4777777777778
20060313	21.9052631578947
20060314	22.5625
20060315	21.344
20060316	21.2857142857143
20060317	20.8333333333333
20060318	21.4294117647059
20060319	21.405
20060320	20.6133333333333
20060321	21.6411764705882
20060322	21.3235294117647
20060323	21.2625
20060324	21.8105263157895
20060325	20.3823529411765
20060326	20.6695652173913
20060327	22.3315789473684
20060328	21.9764705882353
20060329	24.0230769230769
20060330	23.25
20060331	21.7583333333333
20060401	21.9764705882353
20060402	20.26
20060403	21.3882352941176
20060404	20.7375
20060405	19.6625
20060406	21.108
20060407	21.1916666666667
20060408	21.3291666666667
20060409	21.6833333333333
20060410	21.6791666666667
20060411	21.5913043478261
20060412	20.1208333333333
20060413	19.6592592592593
20060414	18.9208333333333
20060415	19.9541666666667
20060416	20.7291666666667
20060417	21.275
20060418	20.7833333333333
20060419	20.9125
20060420	22.0666666666667
20060421	22.5037037037037
20060422	23.7541666666667
20060423	22.3333333333333
20060424	21.7
20060425	21.175
20060426	19.7208333333333
20060427	20.75
20060428	20.5708333333333
20060429	21.0384615384615
20060430	19.8565217391304
20060501	21.1541666666667
20060502	21.3291666666667
20060503	22
20060504	21.2565217391304
20060505	20.7458333333333
20060506	20.8652173913043
20060507	3277.8
20060508	20.5541666666667
20060509	21.0625
20060510	19.9708333333333
20060511	21.1083333333333
20060512	20.7833333333333
20060513	21.6647058823529
20060514	23.52
20060515	22.9875
20060516	22.1458333333333
20060517	20.5375
20060518	21.2125
20060519	21.3
20060520	21.8545454545455
20060521	21.5708333333333
20060522	22.4724137931034
20060523	22.6916666666667
20060524	21.7863636363636
20060525	22.1666666666667
20060526	22.5041666666667
20060527	21.5916666666667
20060528	21.8333333333333
20060529	20.4875
20060530	21.6461538461538
20060531	22.3833333333333
20060601	21.2833333333333
20060602	20.8217391304348
20060603	21.252
20060604	21.0916666666667
20060605	20.6565217391304
20060606	19.9851851851852
20060607	19.7875
20060608	19.7208333333333
20060609	20.9
20060610	19.7791666666667
20060611	20.6291666666667
20060612	21.3708333333333
20060613	22.2666666666667
20060614	20.36
20060615	21.125
20060616	20.9041666666667
20060617	22.3
20060618	21.8666666666667
20060619	22.4958333333333
20060620	22.8416666666667
20060621	20.875
20060622	21.4851851851852
20060623	22.1681818181818
20060624	21.1958333333333
20060625	22.0083333333333
20060626	23.2541666666667
20060627	22.8541666666667
20060628	159.1125
20060629	23.912
20060630	3277.8
20060701	25.1714285714286
20060702	24.6333333333333
20060703	23.8952380952381
20060704	22.3230769230769
20060705	22.9363636363636
20060706	23.0388888888889
20060707	24.00625
20060708	23.4384615384615
20060709	23.3666666666667
20060710	22.55
20060711	23.4055555555556
20060712	23.0083333333333
20060713	22.78125
20060714	21.3642857142857
20060715	21.3625
20060716	20.6125
20060717	22.5909090909091
20060718	21.0333333333333
20060719	22.0166666666667
20060720	22.5875
20060721	23.1041666666667
20060722	21.268
20060723	3277.8
20060724	22.1875
20060725	22.1333333333333
20060726	22.2190476190476
20060727	18.8142857142857
20060728	18.3666666666667
20060729	19.1
20060730	22.4933333333333
20060731	21.7666666666667
20060801	22.9434782608696
20060802	23.8666666666667
20060803	22.0478260869565
20060804	22.692
20060805	22.2208333333333
20060806	23.0916666666667
20060807	22.4758620689655
20060808	22.2666666666667
20060809	21.1583333333333
20060810	22.7625
20060811	21.675
20060812	22.4875
20060813	23.6125
20060814	23.9571428571429
20060815	3277.8
20060816	21.5217391304348
20060817	21.1304347826087
20060818	20.225
20060819	21.375
20060820	22.2125
20060821	21.6125
20060822	22.9695652173913
20060823	22.292
20060824	20.55
20060825	21.1291666666667
20060826	20.0375
20060827	20.9208333333333
20060828	21.5708333333333
20060829	22.9166666666667
20060830	21.6037037037037
20060831	22.8722222222222
20060901	22.05
20060902	22.0791666666667
20060903	21.7208333333333
20060904	20.3833333333333
20060905	21.3565217391304
20060906	21.3086956521739
20060907	20.32
20060908	21.2166666666667
20060909	21.4666666666667
20060910	22.3208333333333
20060911	21.2583333333333
20060912	22.1666666666667
20060913	20.0304347826087
20060914	22.3038461538462
20060915	21.7
20060916	21.2347826086957
20060917	21.0333333333333
20060918	19.925
20060919	20.9416666666667
20060920	21.9041666666667
20060921	22.05
20060922	22.565
20060923	22.412
20060924	21.4166666666667
20060925	22.0913043478261
20060926	21.952380952381
20060927	23.1181818181818
20060928	23.3521739130435
20060929	22.3347826086957
20060930	22.0655172413793
20061001	21.2208333333333
20061002	21.65
20061003	21.8625
20061004	21.05
20061005	22.5375
20061006	158.5125
20061007	23.4833333333333
20061008	22.6185185185185
20061009	22.0833333333333
20061010	21.6166666666667
20061011	20.5904761904762
20061012	21.1913043478261
20061013	19.66
20061014	20.3933333333333
20061015	19.6
20061016	19.9291666666667
20061017	19.1285714285714
20061018	20.9739130434783
20061019	20.4125
20061020	20.5375
20061021	21.0958333333333
20061022	20.5791666666667
20061023	20.0928571428571
20061024	21.1133333333333
20061025	22.0041666666667
20061026	20.2458333333333
20061027	21.4826086956522
20061028	20.8708333333333
20061029	20.9708333333333
20061030	20.6590909090909
20061031	19.9583333333333
20061101	20.3541666666667
20061102	20.7666666666667
20061103	21.6375
20061104	21.9565217391304
20061105	21.95625
20061106	20.7083333333333
20061107	21.176
20061108	20.1875
20061109	20.2166666666667
20061110	21.1375
20061111	21.525
20061112	20.1416666666667
20061113	20.3375
20061114	20.64375
20061115	19.1
20061116	19.9958333333333
20061117	20.5130434782609
20061118	19.6111111111111
20061119	NA
20061120	NA
20061121	NA
20061122	21.14
20061123	3277.8
20061124	20.8583333333333
20061125	20.7409090909091
20061126	20.5666666666667
20061127	21.3590909090909
20061128	20.535
20061129	20.9
20061130	22.0285714285714
20061201	22.1333333333333
20061202	21.4409090909091
20061203	21.05
20061204	21.2083333333333
20061205	21.0333333333333
20061206	20.4214285714286
20061207	NA
20061208	NA
20061209	20.5166666666667
20061210	21.0583333333333
20061211	21.5583333333333
20061212	19.9875
20061213	19.4227272727273
20061214	19.8608695652174
20061215	21.3941176470588
20061216	3277.8
20061217	21.7733333333333
20061218	21.1125
20061219	21.2541666666667
20061220	20.3681818181818
20061221	21.5411764705882
20061222	21.6652173913043
20061223	21.3035714285714
20061224	21.9625
20061225	21.404347826087
20061226	20.79375
20061227	20.9529411764706
20061228	21.6125
20061229	22.344
20061230	23.0875
20061231	22.45
20070101	22.575
20070102	22.395652173913
20070103	23.0434782608696
20070104	119.526923076923
20070105	163.733333333333
20070106	251.31724137931
20070107	270.911111111111
20070108	2319.8
20070109	207.278571428571
20070110	317.506451612903
20070111	167.255555555556
20070112	22.2333333333333
20070113	22.2208333333333
20070114	22.4416666666667
20070115	23.2875
20070116	3277.8
20070117	22.2291666666667
20070118	22.2333333333333
20070119	22.2666666666667
20070120	22.3291666666667
20070121	21.9833333333333
20070122	22.5478260869565
20070123	22.7413793103448
20070124	22.95
20070125	22.1875
20070126	19.8833333333333
20070127	21.2166666666667
20070128	22.7583333333333
20070129	23.0826086956522
20070130	22.3333333333333
20070131	22.5035714285714
20070201	22.6208333333333
20070202	23.8869565217391
20070203	23.0333333333333
20070204	23.3125
20070205	23.25
20070206	23.2458333333333
20070207	22.5826086956522
20070208	22.6
20070209	22.25
20070210	22.004347826087
20070211	22.0739130434783
20070212	23.2
20070213	23.0375
20070214	22.6041666666667
20070215	20.0148148148148
20070216	21.2958333333333
20070217	20.0739130434783
20070218	19.5304347826087
20070219	20.2375
20070220	21.3565217391304
20070221	22.3458333333333
20070222	22.3176470588235
20070223	3277.8
20070224	22.9521739130435
20070225	22.8416666666667
20070226	24.4083333333333
20070227	24.6375
20070228	25.5
20070301	24.825
20070302	24.1894736842105
20070303	23.9392857142857
20070304	22.45
20070305	21.2708333333333
20070306	21.9916666666667
20070307	20.9909090909091
20070308	21.5416666666667
20070309	20.7428571428571
20070310	22.5090909090909
20070311	21.876
20070312	22.0434782608696
20070313	22.1391304347826
20070314	21.04375
20070315	22.4470588235294
20070316	21.1391304347826
20070317	21.5
20070318	NA
20070319	NA
20070320	22.9470588235294
20070321	21.0904761904762
20070322	19.84
20070323	21.89375
20070324	20.5875
20070325	20.3181818181818
20070326	3277.8
20070327	20.0708333333333
20070328	20.9045454545455
20070329	20.1478260869565
20070330	21.2208333333333
20070331	20.375
20070401	22.8
20070402	22.328
20070403	20.8791666666667
20070404	20.5869565217391
20070405	20.8833333333333
20070406	21.295652173913
20070407	21.6416666666667
20070408	20.3916666666667
20070409	21.5681818181818
20070410	22.0615384615385
20070411	21.5809523809524
20070412	23.35625
20070413	22.6894736842105
20070414	21.6833333333333
20070415	22.2454545454545
20070416	21.1086956521739
20070417	21.804347826087
20070418	21.2
20070419	NA
20070420	NA
20070421	NA
20070422	20.6083333333333
20070423	21.3041666666667
20070424	20.7958333333333
20070425	20.5961538461538
20070426	20.6869565217391
20070427	20.4913043478261
20070428	22.0739130434783
20070429	20.9166666666667
20070430	21.5454545454545
20070501	20.8869565217391
20070502	20.8260869565217
20070503	21.3571428571429
20070504	20.7708333333333
20070505	21.9772727272727
20070506	21.9173913043478
20070507	21.0545454545455
20070508	21
20070509	21.9
20070510	21.0772727272727
20070511	23.5037037037037
20070512	22.8090909090909
20070513	22.0166666666667
20070514	22.125
20070515	22.9083333333333
20070516	22.4791666666667
20070517	21.6583333333333
20070518	20.6565217391304
20070519	3277.8
20070520	20.6272727272727
20070521	20.9958333333333
20070522	19.3
20070523	21.05
20070524	20.8625
20070525	20.3434782608696
20070526	20.1862068965517
20070527	21.2130434782609
20070528	20.395
20070529	20.2235294117647
20070530	20.1208333333333
20070531	19.975
20070601	20.5875
20070602	19
20070603	NA
20070604	NA
20070605	22.7
20070606	22.1272727272727
20070607	21.5125
20070608	21.7916666666667
20070609	20.6708333333333
20070610	21.1739130434783
20070611	21.8875
20070612	22.15
20070613	22.475
20070614	22.1846153846154
20070615	NA
20070616	NA
20070617	NA
20070618	NA
20070619	NA
20070620	NA
20070621	NA
20070622	NA
20070623	NA
20070624	NA
20070625	NA
20070626	NA
20070627	NA
20070628	NA
20070629	NA
20070630	NA
20070701	NA
20070702	NA
20070703	NA
20070704	NA
20070705	NA
20070706	NA
20070707	NA
20070708	NA
20070709	NA
20070710	NA
20070711	NA
20070712	NA
20070713	NA
20070714	NA
20070715	NA
20070716	NA
20070717	NA
20070718	NA
20070719	NA
20070720	NA
20070721	NA
20070722	NA
20070723	NA
20070724	NA
20070725	NA
20070726	NA
20070727	NA
20070728	NA
20070729	NA
20070730	NA
20070731	NA
20070801	NA
20070802	22.2
20070803	NA
20070804	NA
20070805	NA
20070806	NA
20070807	NA
20070808	NA
20070809	NA
20070810	NA
20070811	NA
20070812	NA
20070813	NA
20070814	NA
20070815	NA
20070816	NA
20070817	NA
20070818	NA
20070819	NA
20070820	NA
20070821	NA
20070822	NA
20070823	NA
20070824	NA
20070825	NA
20070826	NA
20070827	NA
20070828	NA
20070829	NA
20070830	NA
20070831	NA
20070901	NA
20070902	NA
20070903	NA
20070904	NA
20070905	NA
20070906	NA
20070907	NA
20070908	NA
20070909	NA
20070910	NA
20070911	NA
20070912	NA
20070913	NA
20070914	NA
20070915	NA
20070916	NA
20070917	NA
20070918	NA
20070919	NA
20070920	NA
20070921	NA
20070922	NA
20070923	NA
20070924	NA
20070925	NA
20070926	NA
20070927	NA
20070928	NA
20070929	NA
20070930	NA
20071001	NA
20071002	NA
20071003	NA
20071004	NA
20071005	NA
20071006	NA
20071007	NA
20071008	NA
20071009	NA
20071010	NA
20071011	NA
20071012	NA
20071013	NA
20071014	NA
20071015	NA
20071016	NA
20071017	NA
20071018	NA
20071019	NA
20071020	NA
20071021	NA
20071022	NA
20071023	NA
20071024	NA
20071025	NA
20071026	NA
20071027	NA
20071028	NA
20071029	NA
20071030	NA
20071031	NA
20071101	NA
20071102	NA
20071103	NA
20071104	NA
20071105	NA
20071106	NA
20071107	NA
20071108	NA
20071109	NA
20071110	NA
20071111	NA
20071112	NA
20071113	NA
20071114	NA
20071115	NA
20071116	NA
20071117	NA
20071118	NA
20071119	NA
20071120	NA
20071121	NA
20071122	NA
20071123	NA
20071124	NA
20071125	NA
20071126	NA
20071127	NA
20071128	NA
20071129	NA
20071130	NA
20071201	NA
20071202	NA
20071203	NA
20071204	NA
20071205	NA
20071206	NA
20071207	21.4
20071208	NA
20071209	NA
20071210	NA
20071211	NA
20071212	NA
20071213	NA
20071214	NA
20071215	NA
20071216	NA
20071217	NA
20071218	NA
20071219	NA
20071220	NA
20071221	NA
20071222	NA
20071223	NA
20071224	NA
20071225	NA
20071226	NA
20071227	NA
20071228	NA
20071229	NA
20071230	NA
20071231	NA
20080101	NA
20080102	NA
20080103	NA
20080104	NA
20080105	NA
20080106	NA
20080107	NA
20080108	NA
20080109	NA
20080110	NA
20080111	NA
20080112	NA
20080113	NA
20080114	NA
20080115	NA
20080116	NA
20080117	NA
20080118	NA
20080119	NA
20080120	NA
20080121	NA
20080122	NA
20080123	NA
20080124	NA
20080125	NA
20080126	NA
20080127	NA
20080128	NA
20080129	NA
20080130	NA
20080131	NA
20080201	NA
20080202	NA
20080203	NA
20080204	NA
20080205	NA
20080206	NA
20080207	NA
20080208	NA
20080209	NA
20080210	NA
20080211	NA
20080212	NA
20080213	NA
20080214	NA
20080215	NA
20080216	NA
20080217	NA
20080218	NA
20080219	NA
20080220	NA
20080221	NA
20080222	NA
20080223	NA
20080224	NA
20080225	NA
20080226	NA
20080227	NA
20080228	NA
20080229	NA
20080301	NA
20080302	NA
20080303	NA
20080304	NA
20080305	NA
20080306	NA
20080307	NA
20080308	NA
20080309	NA
20080310	NA
20080311	NA
20080312	NA
20080313	NA
20080314	NA
20080315	NA
20080316	NA
20080317	NA
20080318	NA
20080319	NA
20080320	NA
20080321	NA
20080322	NA
20080323	NA
20080324	NA
20080325	NA
20080326	NA
20080327	NA
20080328	NA
20080329	NA
20080330	NA
20080331	NA
20080401	NA
20080402	NA
20080403	NA
20080404	NA
20080405	NA
20080406	NA
20080407	NA
20080408	NA
20080409	NA
20080410	NA
20080411	NA
20080412	NA
20080413	NA
20080414	NA
20080415	NA
20080416	NA
20080417	NA
20080418	NA
20080419	NA
20080420	NA
20080421	NA
20080422	NA
20080423	NA
20080424	NA
20080425	NA
20080426	NA
20080427	NA
20080428	NA
20080429	NA
20080430	NA
20080501	NA
20080502	NA
20080503	NA
20080504	NA
20080505	NA
20080506	NA
20080507	NA
20080508	NA
20080509	NA
20080510	NA
20080511	NA
20080512	NA
20080513	NA
20080514	NA
20080515	NA
20080516	NA
20080517	NA
20080518	NA
20080519	NA
20080520	NA
20080521	NA
20080522	NA
20080523	NA
20080524	NA
20080525	NA
20080526	NA
20080527	NA
20080528	NA
20080529	NA
20080530	NA
20080531	NA
20080601	NA
20080602	NA
20080603	NA
20080604	NA
20080605	NA
20080606	NA
20080607	NA
20080608	NA
20080609	NA
20080610	NA
20080611	NA
20080612	NA
20080613	NA
20080614	NA
20080615	NA
20080616	NA
20080617	NA
20080618	NA
20080619	NA
20080620	NA
20080621	NA
20080622	NA
20080623	NA
20080624	NA
20080625	NA
20080626	NA
20080627	NA
20080628	NA
20080629	NA
20080630	NA
20080701	NA
20080702	NA
20080703	-3132
20080704	NA
20080705	NA
20080706	-42.1833333333334
20080707	NA
20080708	NA
20080709	NA
20080710	NA
20080711	NA
20080712	NA
20080713	NA
20080714	NA
20080715	NA
20080716	NA
20080717	NA
20080718	NA
20080719	NA
20080720	NA
20080721	NA
20080722	NA
20080723	NA
20080724	NA
20080725	NA
20080726	NA
20080727	NA
20080728	NA
20080729	NA
20080730	NA
20080731	NA
20080801	NA
20080802	NA
20080803	NA
20080804	NA
20080805	NA
20080806	NA
20080807	NA
20080808	NA
20080809	NA
20080810	NA
20080811	NA
20080812	NA
20080813	NA
20080814	NA
20080815	NA
20080816	NA
20080817	NA
20080818	NA
20080819	NA
20080820	NA
20080821	NA
20080822	NA
20080823	NA
20080824	NA
20080825	NA
20080826	NA
20080827	NA
20080828	NA
20080829	NA
20080830	NA
20080831	NA
20080901	NA
20080902	NA
20080903	NA
20080904	NA
20080905	NA
20080906	NA
20080907	NA
20080908	NA
20080909	NA
20080910	NA
20080911	NA
20080912	NA
20080913	NA
20080914	NA
20080915	NA
20080916	NA
20080917	NA
20080918	NA
20080919	NA
20080920	NA
20080921	NA
20080922	NA
20080923	NA
20080924	NA
20080925	NA
20080926	NA
20080927	NA
20080928	NA
20080929	NA
20080930	NA
20081001	NA
20081002	NA
20081003	NA
20081004	NA
20081005	NA
20081006	NA
20081007	NA
20081008	NA
20081009	NA
20081010	NA
20081011	NA
20081012	NA
20081013	NA
20081014	NA
20081015	NA
20081016	NA
20081017	NA
20081018	NA
20081019	NA
20081020	NA
20081021	NA
20081022	NA
20081023	NA
20081024	NA
20081025	NA
20081026	NA
20081027	NA
20081028	NA
20081029	NA
20081030	NA
20081031	NA
20081101	NA
20081102	NA
20081103	NA
20081104	NA
20081105	NA
20081106	NA
20081107	NA
20081108	NA
20081109	NA
20081110	NA
20081111	NA
20081112	NA
20081113	NA
20081114	NA
20081115	NA
20081116	NA
20081117	NA
20081118	NA
20081119	NA
20081120	NA
20081121	NA
20081122	NA
20081123	NA
20081124	NA
20081125	NA
20081126	NA
20081127	NA
20081128	NA
20081129	NA
20081130	NA
20081201	NA
20081202	NA
20081203	NA
20081204	NA
20081205	NA
20081206	NA
20081207	NA
20081208	NA
20081209	NA
20081210	NA
20081211	NA
20081212	NA
20081213	NA
20081214	NA
20081215	NA
20081216	NA
20081217	NA
20081218	NA
20081219	NA
20081220	NA
20081221	NA
20081222	NA
20081223	NA
20081224	NA
20081225	NA
20081226	NA
20081227	NA
20081228	NA
20081229	NA
20081230	NA
20081231	NA
20090101	NA
20090102	NA
20090103	NA
20090104	NA
20090105	NA
20090106	NA
20090107	NA
20090108	NA
20090109	NA
20090110	NA
20090111	NA
20090112	NA
20090113	NA
20090114	NA
20090115	NA
20090116	NA
20090117	NA
20090118	NA
20090119	NA
20090120	NA
20090121	NA
20090122	NA
20090123	NA
20090124	NA
20090125	NA
20090126	NA
20090127	NA
20090128	NA
20090129	NA
20090130	NA
20090131	NA
20090201	NA
20090202	NA
20090203	NA
20090204	NA
20090205	NA
20090206	NA
20090207	438.4
20090208	NA
20090209	NA
20090210	NA
20090211	NA
20090212	NA
20090213	NA
20090214	NA
20090215	NA
20090216	NA
20090217	NA
20090218	NA
20090219	NA
20090220	NA
20090221	NA
20090222	NA
20090223	NA
20090224	NA
20090225	NA
20090226	NA
20090227	NA
20090228	NA
20090301	NA
20090302	NA
20090303	NA
20090304	NA
20090305	NA
20090306	NA
20090307	NA
20090308	NA
20090309	NA
20090310	NA
20090311	NA
20090312	NA
20090313	NA
20090314	NA
20090315	NA
20090316	NA
20090317	NA
20090318	NA
20090319	NA
20090320	NA
20090321	NA
20090322	NA
20090323	NA
20090324	NA
20090325	NA
20090326	NA
20090327	NA
20090328	NA
20090329	NA
20090330	NA
20090331	NA
20090401	NA
20090402	NA
20090403	NA
20090404	NA
20090405	NA
20090406	NA
20090407	NA
20090408	NA
20090409	NA
20090410	NA
20090411	NA
20090412	NA
20090413	NA
20090414	NA
20090415	NA
20090416	NA
20090417	NA
20090418	NA
20090419	NA
20090420	NA
20090421	NA
20090422	NA
20090423	NA
20090424	21.8666666666667
20090425	20.9
20090426	NA
20090427	NA
20090428	NA
20090429	NA
20090430	NA
20090501	NA
20090502	NA
20090503	NA
20090504	NA
20090505	NA
20090506	NA
20090507	NA
20090508	NA
20090509	NA
20090510	NA
20090511	NA
20090512	NA
20090513	NA
20090514	NA
20090515	NA
20090516	NA
20090517	NA
20090518	NA
20090519	NA
20090520	NA
20090521	NA
20090522	NA
20090523	NA
20090524	NA
20090525	NA
20090526	NA
20090527	NA
20090528	NA
20090529	NA
20090530	NA
20090531	NA
20090601	NA
20090602	NA
20090603	NA
20090604	NA
20090605	NA
20090606	NA
20090607	NA
20090608	NA
20090609	NA
20090610	NA
20090611	NA
20090612	NA
20090613	NA
20090614	NA
20090615	NA
20090616	NA
20090617	NA
20090618	NA
20090619	NA
20090620	NA
20090621	NA
20090622	NA
20090623	NA
20090624	NA
20090625	NA
20090626	NA
20090627	NA
20090628	NA
20090629	NA
20090630	NA
20090701	NA
20090702	NA
20090703	NA
20090704	NA
20090705	NA
20090706	NA
20090707	NA
20090708	NA
20090709	NA
20090710	NA
20090711	NA
20090712	NA
20090713	NA
20090714	NA
20090715	NA
20090716	NA
20090717	NA
20090718	NA
20090719	NA
20090720	NA
20090721	NA
20090722	NA
20090723	NA
20090724	NA
20090725	NA
20090726	NA
20090727	NA
20090728	NA
20090729	NA
20090730	NA
20090731	NA
20090801	NA
20090802	NA
20090803	NA
20090804	NA
20090805	NA
20090806	NA
20090807	NA
20090808	NA
20090809	NA
20090810	NA
20090811	NA
20090812	NA
20090813	NA
20090814	NA
20090815	NA
20090816	NA
20090817	NA
20090818	NA
20090819	NA
20090820	NA
20090821	NA
20090822	NA
20090823	NA
20090824	NA
20090825	NA
20090826	NA
20090827	NA
20090828	NA
20090829	NA
20090830	NA
20090831	NA
20090901	NA
20090902	NA
20090903	NA
20090904	NA
20090905	NA
20090906	NA
20090907	20.3
20090908	NA
20090909	NA
20090910	NA
20090911	NA
20090912	NA
20090913	NA
20090914	NA
20090915	NA
20090916	NA
20090917	NA
20090918	NA
20090919	NA
20090920	NA
20090921	NA
20090922	NA
20090923	NA
20090924	NA
20090925	NA
20090926	NA
20090927	NA
20090928	NA
20090929	NA
20090930	NA
20091001	NA
20091002	NA
20091003	NA
20091004	NA
20091005	NA
20091006	NA
20091007	NA
20091008	NA
20091009	NA
20091010	NA
20091011	NA
20091012	NA
20091013	NA
20091014	NA
20091015	NA
20091016	NA
20091017	NA
20091018	NA
20091019	NA
20091020	NA
20091021	NA
20091022	NA
20091023	NA
20091024	NA
20091025	NA
20091026	NA
20091027	NA
20091028	NA
20091029	NA
20091030	NA
20091031	NA
20091101	NA
20091102	NA
20091103	NA
20091104	NA
20091105	NA
20091106	NA
20091107	NA
20091108	NA
20091109	NA
20091110	NA
20091111	NA
20091112	NA
20091113	NA
20091114	NA
20091115	NA
20091116	NA
20091117	NA
20091118	NA
20091119	NA
20091120	NA
20091121	NA
20091122	NA
20091123	NA
20091124	NA
20091125	1251.4
20091126	NA
20091127	NA
20091128	NA
20091129	NA
20091130	NA
20091201	NA
20091202	NA
20091203	NA
20091204	NA
20091205	NA
20091206	NA
20091207	NA
20091208	NA
20091209	NA
20091210	NA
20091211	NA
20091212	NA
20091213	NA
20091214	NA
20091215	NA
20091216	NA
20091217	NA
20091218	NA
20091219	NA
20091220	NA
20091221	NA
20091222	NA
20091223	NA
20091224	NA
20091225	NA
20091226	NA
20091227	NA
20091228	NA
20091229	NA
20091230	NA
20091231	NA
20100101	NA
20100102	NA
20100103	NA
20100104	NA
20100105	NA
20100106	NA
20100107	NA
20100108	NA
20100109	NA
20100110	NA
20100111	NA
20100112	NA
20100113	NA
20100114	NA
20100115	NA
20100116	NA
20100117	NA
20100118	NA
20100119	NA
20100120	NA
20100121	NA
20100122	NA
20100123	NA
20100124	NA
20100125	NA
20100126	NA
20100127	NA
20100128	NA
20100129	NA
20100130	NA
20100131	NA
20100201	NA
20100202	NA
20100203	NA
20100204	NA
20100205	NA
20100206	NA
20100207	NA
20100208	NA
20100209	NA
20100210	NA
20100211	NA
20100212	NA
20100213	NA
20100214	NA
20100215	NA
20100216	NA
20100217	NA
20100218	NA
20100219	NA
20100220	NA
20100221	NA
20100222	NA
20100223	NA
20100224	NA
20100225	NA
20100226	NA
20100227	NA
20100228	NA
20100301	NA
20100302	NA
20100303	NA
20100304	NA
20100305	NA
20100306	NA
20100307	NA
20100308	NA
20100309	NA
20100310	NA
20100311	NA
20100312	NA
20100313	NA
20100314	NA
20100315	NA
20100316	NA
20100317	NA
20100318	NA
20100319	NA
20100320	NA
20100321	NA
20100322	NA
20100323	NA
20100324	NA
20100325	NA
20100326	NA
20100327	NA
20100328	NA
20100329	NA
20100330	NA
20100331	NA
20100401	NA
20100402	NA
20100403	NA
20100404	NA
20100405	NA
20100406	NA
20100407	NA
20100408	NA
20100409	NA
20100410	NA
20100411	NA
20100412	NA
20100413	NA
20100414	NA
20100415	NA
20100416	NA
20100417	NA
20100418	NA
20100419	NA
20100420	NA
20100421	NA
20100422	NA
20100423	NA
20100424	NA
20100425	NA
20100426	NA
20100427	NA
20100428	NA
20100429	NA
20100430	NA
20100501	NA
20100502	NA
20100503	NA
20100504	NA
20100505	NA
20100506	NA
20100507	NA
20100508	NA
20100509	NA
20100510	NA
20100511	22
20100512	NA
20100513	NA
20100514	NA
20100515	NA
20100516	NA
20100517	NA
20100518	NA
20100519	NA
20100520	NA
20100521	NA
20100522	NA
20100523	NA
20100524	NA
20100525	NA
20100526	NA
20100527	NA
20100528	NA
20100529	NA
20100530	NA
20100531	NA
20100601	NA
20100602	NA
20100603	NA
20100604	NA
20100605	NA
20100606	NA
20100607	NA
20100608	NA
20100609	NA
20100610	NA
20100611	NA
20100612	NA
20100613	NA
20100614	NA
20100615	NA
20100616	NA
20100617	NA
20100618	NA
20100619	NA
20100620	NA
20100621	NA
20100622	NA
20100623	NA
20100624	NA
20100625	NA
20100626	NA
20100627	NA
20100628	NA
20100629	NA
20100630	NA
20100701	NA
20100702	NA
20100703	NA
20100704	NA
20100705	NA
20100706	NA
20100707	NA
20100708	NA
20100709	NA
20100710	NA
20100711	NA
20100712	NA
20100713	NA
20100714	NA
20100715	NA
20100716	NA
20100717	NA
20100718	NA
20100719	NA
20100720	NA
20100721	NA
20100722	NA
20100723	NA
20100724	NA
20100725	NA
20100726	NA
20100727	NA
20100728	NA
20100729	NA
20100730	NA
20100731	NA
20100801	NA
20100802	NA
20100803	NA
20100804	NA
20100805	NA
20100806	NA
20100807	NA
20100808	NA
20100809	NA
20100810	NA
20100811	NA
20100812	NA
20100813	NA
20100814	NA
20100815	NA
20100816	NA
20100817	NA
20100818	NA
20100819	NA
20100820	NA
20100821	NA
20100822	NA
20100823	NA
20100824	NA
20100825	NA
20100826	NA
20100827	NA
20100828	NA
20100829	NA
20100830	NA
20100831	NA
20100901	NA
20100902	NA
20100903	NA
20100904	NA
20100905	NA
20100906	NA
20100907	NA
20100908	NA
20100909	NA
20100910	NA
20100911	NA
20100912	NA
20100913	NA
20100914	NA
20100915	NA
20100916	NA
20100917	NA
20100918	24
20100919	NA
20100920	NA
20100921	NA
20100922	13.1
20100923	NA
20100924	NA
20100925	NA
20100926	NA
20100927	NA
20100928	NA
20100929	NA
20100930	NA
20101001	NA
20101002	NA
20101003	NA
20101004	NA
20101005	NA
20101006	NA
20101007	NA
20101008	NA
20101009	NA
20101010	NA
20101011	NA
20101012	NA
20101013	NA
20101014	NA
20101015	NA
20101016	NA
20101017	NA
20101018	NA
20101019	NA
20101020	NA
20101021	NA
20101022	NA
20101023	NA
20101024	NA
20101025	NA
20101026	NA
20101027	NA
20101028	NA
20101029	NA
20101030	NA
20101031	NA
20101101	NA
20101102	NA
20101103	NA
20101104	NA
20101105	NA
20101106	NA
20101107	NA
20101108	NA
20101109	NA
20101110	NA
20101111	NA
20101112	NA
20101113	NA
20101114	NA
20101115	NA
20101116	NA
20101117	NA
20101118	NA
20101119	NA
20101120	NA
20101121	NA
20101122	NA
20101123	NA
20101124	NA
20101125	NA
20101126	NA
20101127	NA
20101128	NA
20101129	NA
20101130	NA
20101201	NA
20101202	NA
20101203	NA
20101204	NA
20101205	NA
20101206	NA
20101207	NA
20101208	NA
20101209	NA
20101210	NA
20101211	NA
20101212	NA
20101213	NA
20101214	NA
20101215	NA
20101216	NA
20101217	NA
20101218	NA
20101219	NA
20101220	NA
20101221	NA
20101222	NA
20101223	NA
20101224	NA
20101225	NA
20101226	NA
20101227	NA
20101228	NA
20101229	NA
20101230	NA
20101231	NA
20110101	NA
20110102	NA
20110103	NA
20110104	NA
20110105	NA
20110106	NA
20110107	NA
20110108	NA
20110109	NA
20110110	NA
20110111	NA
20110112	NA
20110113	NA
20110114	NA
20110115	NA
20110116	NA
20110117	NA
20110118	NA
20110119	NA
20110120	NA
20110121	NA
20110122	NA
20110123	NA
20110124	NA
20110125	NA
20110126	NA
20110127	NA
20110128	NA
20110129	NA
20110130	NA
20110131	NA
20110201	NA
20110202	NA
20110203	NA
20110204	NA
20110205	NA
20110206	NA
20110207	NA
20110208	NA
20110209	NA
20110210	NA
20110211	NA
20110212	NA
20110213	NA
20110214	NA
20110215	NA
20110216	NA
20110217	NA
20110218	NA
20110219	NA
20110220	NA
20110221	NA
20110222	NA
20110223	NA
20110224	NA
20110225	NA
20110226	NA
20110227	NA
20110228	NA
20110301	NA
20110302	NA
20110303	NA
20110304	NA
20110305	NA
20110306	NA
20110307	NA
20110308	NA
20110309	NA
20110310	NA
20110311	NA
20110312	NA
20110313	NA
20110314	NA
20110315	NA
20110316	NA
20110317	NA
20110318	NA
20110319	NA
20110320	NA
20110321	NA
20110322	NA
20110323	NA
20110324	NA
20110325	NA
20110326	NA
20110327	NA
20110328	NA
20110329	NA
20110330	NA
20110331	NA
20110401	NA
20110402	NA
20110403	NA
20110404	NA
20110405	NA
20110406	NA
20110407	NA
20110408	NA
20110409	NA
20110410	NA
20110411	NA
20110412	NA
20110413	NA
20110414	NA
20110415	NA
20110416	NA
20110417	NA
20110418	NA
20110419	NA
20110420	NA
20110421	NA
20110422	NA
20110423	NA
20110424	NA
20110425	NA
20110426	NA
20110427	NA
20110428	NA
20110429	NA
20110430	NA
20110501	NA
20110502	NA
20110503	NA
20110504	NA
20110505	NA
20110506	NA
20110507	NA
20110508	NA
20110509	NA
20110510	22.8
20110511	NA
20110512	NA
20110513	NA
20110514	NA
20110515	NA
20110516	NA
20110517	NA
20110518	NA
20110519	NA
20110520	NA
20110521	NA
20110522	NA
20110523	NA
20110524	NA
20110525	NA
20110526	NA
20110527	NA
20110528	NA
20110529	NA
20110530	NA
20110531	NA
20110601	NA
20110602	NA
20110603	NA
20110604	NA
20110605	NA
20110606	NA
20110607	103.8
20110608	NA
20110609	NA
20110610	NA
20110611	NA
20110612	NA
20110613	NA
20110614	NA
20110615	NA
20110616	NA
20110617	NA
20110618	NA
20110619	NA
20110620	NA
20110621	NA
20110622	NA
20110623	NA
20110624	NA
20110625	NA
20110626	NA
20110627	NA
20110628	NA
20110629	NA
20110630	NA
20110701	NA
20110702	NA
20110703	NA
20110704	NA
20110705	NA
20110706	NA
20110707	NA
20110708	NA
20110709	NA
20110710	NA
20110711	NA
20110712	NA
20110713	NA
20110714	NA
20110715	NA
20110716	NA
20110717	NA
20110718	NA
20110719	NA
20110720	NA
20110721	NA
20110722	20.8
20110723	NA
20110724	NA
20110725	NA
20110726	NA
20110727	NA
20110728	NA
20110729	NA
20110730	NA
20110731	NA
20110801	NA
20110802	NA
20110803	NA
20110804	NA
20110805	NA
20110806	NA
20110807	NA
20110808	NA
20110809	NA
20110810	NA
20110811	NA
20110812	NA
20110813	NA
20110814	NA
20110815	NA
20110816	NA
20110817	NA
20110818	NA
20110819	NA
20110820	NA
20110821	NA
20110822	NA
20110823	NA
20110824	NA
20110825	NA
20110826	NA
20110827	NA
20110828	NA
20110829	NA
20110830	NA
20110831	NA
20110901	NA
20110902	NA
20110903	NA
20110904	NA
20110905	NA
20110906	NA
20110907	NA
20110908	NA
20110909	NA
20110910	NA
20110911	NA
20110912	NA
20110913	NA
20110914	NA
20110915	NA
20110916	NA
20110917	NA
20110918	NA
20110919	NA
20110920	NA
20110921	NA
20110922	NA
20110923	NA
20110924	NA
20110925	NA
20110926	NA
20110927	NA
20110928	NA
20110929	NA
20110930	NA
20111001	NA
20111002	NA
20111003	NA
20111004	NA
20111005	NA
20111006	NA
20111007	NA
20111008	NA
20111009	NA
20111010	NA
20111011	NA
20111012	NA
20111013	NA
20111014	NA
20111015	NA
20111016	NA
20111017	NA
20111018	NA
20111019	NA
20111020	NA
20111021	NA
20111022	NA
20111023	NA
20111024	19.875
20111025	19.6909090909091
20111026	20.545
20111027	21.5454545454545
20111028	19.5625
20111029	20.2391304347826
20111030	18.8916666666667
20111031	20.0304347826087
20111101	20.904347826087
20111102	21.9
20111103	21.3739130434783
20111104	20.2714285714286
20111105	21.3260869565217
20111106	20.8791666666667
20111107	21.1695652173913
20111108	20.225
20111109	20.25
20111110	20.3086956521739
20111111	20.3434782608696
20111112	19.3347826086957
20111113	19.675
20111114	20.0083333333333
20111115	20.4304347826087
20111116	19.5833333333333
20111117	19.7583333333333
20111118	18.9227272727273
20111119	18.8826086956522
20111120	18.9608695652174
20111121	19.325
20111122	19.6913043478261
20111123	20.2190476190476
20111124	19.5090909090909
20111125	20.36
20111126	20.9913043478261
20111127	20.39
20111128	19.8791666666667
20111129	19.7625
20111130	20.2047619047619
20111201	19.7166666666667
20111202	20.1368421052632
20111203	19.8173913043478
20111204	20.0458333333333
20111205	19.2833333333333
20111206	20.68
20111207	19.1764705882353
20111208	18.9173913043478
20111209	20.125
20111210	21.2458333333333
20111211	20.3565217391304
20111212	19.6260869565217
20111213	20.0260869565217
20111214	19.8695652173913
20111215	19.9391304347826
20111216	19.7608695652174
20111217	19.2181818181818
20111218	20.1166666666667
20111219	19.9391304347826
20111220	19.96
20111221	20.7533333333333
20111222	21.8608695652174
20111223	21.6333333333333
20111224	21.247619047619
20111225	21.28
20111226	21.1333333333333
20111227	21.0157894736842
20111228	21.5260869565217
20111229	21.4272727272727
20111230	21.1652173913043
20111231	21.195
20120101	22.1
20120102	21.5869565217391
20120103	20.4695652173913
20120104	19.4619047619048
20120105	20.3181818181818
20120106	20.335
20120107	20.9954545454545
20120108	20.8869565217391
20120109	20.9272727272727
20120110	21.3095238095238
20120111	21.2
20120112	21.1333333333333
20120113	22.0260869565217
20120114	21.755
20120115	21.0954545454545
20120116	21.3086956521739
20120117	20.7933333333333
20120118	20.5363636363636
20120119	20.3416666666667
20120120	20.1666666666667
20120121	21.2590909090909
20120122	20.7722222222222
20120123	21.415
20120124	20.4291666666667
20120125	20.1
20120126	20.6380952380952
20120127	21.1
20120128	20.865
20120129	21.085
20120130	21.0818181818182
20120131	20.8047619047619
20120201	21.4421052631579
20120202	21.8
20120203	21.7380952380952
20120204	21.6190476190476
20120205	21.41
20120206	19.9764705882353
20120207	21.53
20120208	20.4095238095238
20120209	21.0777777777778
20120210	21.1388888888889
20120211	21.12
20120212	20.86875
20120213	20.8894736842105
20120214	21.4111111111111
20120215	20.6666666666667
20120216	21.415
20120217	21.5894736842105
20120218	21.8
20120219	21.4454545454545
20120220	21.4904761904762
20120221	21.58
20120222	21.7
20120223	22.1
20120224	22.9636363636364
20120225	21.6136363636364
20120226	21.2095238095238
20120227	22.5913043478261
20120228	22.195
20120229	21.685
20120301	22.3
20120302	22.94
20120303	24.0461538461538
20120304	22.8818181818182
20120305	20.5772727272727
20120306	21.2818181818182
20120307	22.2
20120308	22.1380952380952
20120309	20.8909090909091
20120310	20.2681818181818
20120311	21.195652173913
20120312	23.4130434782609
20120313	21.075
20120314	22.4217391304348
20120315	23.0826086956522
20120316	21.2909090909091
20120317	20.8565217391304
20120318	21.5916666666667
20120319	19.7521739130435
20120320	20.3565217391304
20120321	20.8478260869565
20120322	19.3375
20120323	21.3045454545455
20120324	21.3739130434783
20120325	20.3681818181818
20120326	19.247619047619
20120327	21.0083333333333
20120328	21.9545454545455
20120329	22.2909090909091
20120330	21.2
20120331	22.4318181818182
20120401	21.5
20120402	21.8166666666667
20120403	21.7478260869565
20120404	20.8909090909091
20120405	20.9608695652174
20120406	20.052380952381
20120407	20.7375
20120408	19.4863636363636
20120409	19.3904761904762
20120410	20.5130434782609
20120411	19.9727272727273
20120412	18.825
20120413	19.7714285714286
20120414	19.125
20120415	20.765
20120416	21.4842105263158
20120417	20.2863636363636
20120418	20.3521739130435
20120419	20.0434782608696
20120420	21.495652173913
20120421	20.2521739130435
20120422	20.5666666666667
20120423	20.8952380952381
20120424	20.4857142857143
20120425	21.2391304347826
20120426	21.735
20120427	21.125
20120428	20.5125
20120429	21.2833333333333
20120430	21.0590909090909
20120501	20.8291666666667
20120502	20.5285714285714
20120503	21.6428571428571
20120504	21.3227272727273
20120505	20.3954545454545
20120506	20.4941176470588
20120507	20.2130434782609
20120508	20.9260869565217
20120509	20.5708333333333
20120510	21.6458333333333
20120511	20.7409090909091
20120512	21.3166666666667
20120513	21.1625
20120514	21.1083333333333
20120515	21.6
20120516	22.8086956521739
20120517	21.6583333333333
20120518	21.4909090909091
20120519	20.9235294117647
20120520	20.35625
20120521	20.6285714285714
20120522	21.4235294117647
20120523	21.6785714285714
20120524	21.8
20120525	22.1238095238095
20120526	21.2866666666667
20120527	22.86
20120528	22.7789473684211
20120529	23.1736842105263
20120530	22.3470588235294
20120531	22.0952380952381
20120601	22.9789473684211
20120602	22.0052631578947
20120603	22.0555555555556
20120604	22.6266666666667
20120605	22.8
20120606	23.2842105263158
20120607	23.5263157894737
20120608	22.9578947368421
20120609	22.8772727272727
20120610	23
20120611	21.5772727272727
20120612	21.6777777777778
20120613	20.7764705882353
20120614	21.4636363636364
20120615	22.1642857142857
20120616	19.3736842105263
20120617	21.4545454545455
20120618	21.4428571428571
20120619	22.7684210526316
20120620	22.7052631578947
20120621	21.08
20120622	21.99
20120623	22.1
20120624	21.1260869565217
20120625	21.3608695652174
20120626	20.2434782608696
20120627	20.7333333333333
20120628	22.2565217391304
20120629	21.3125
20120630	20.5041666666667
20120701	20.9833333333333
20120702	22.4739130434783
20120703	22.4565217391304
20120704	21.1695652173913
20120705	21.4583333333333
20120706	20.8086956521739
20120707	21.9818181818182
20120708	23.4608695652174
20120709	22.8727272727273
20120710	22.2111111111111
20120711	21.8739130434783
20120712	21.0869565217391
20120713	20.3130434782609
20120714	20.5478260869565
20120715	21.1136363636364
20120716	22.1714285714286
20120717	21.5
20120718	23.1764705882353
20120719	22.3166666666667
20120720	22.5583333333333
20120721	21.55
20120722	22.7708333333333
20120723	22.895652173913
20120724	22.65
20120725	23.1565217391304
20120726	23.1125
20120727	23.9047619047619
20120728	22.7421052631579
20120729	21.7130434782609
20120730	20.7583333333333
20120731	20.0153846153846
20120801	21.7473684210526
20120802	20.947619047619
20120803	21.4761904761905
20120804	21.7217391304348
20120805	20.9833333333333
20120806	20.8227272727273
20120807	22.275
20120808	21.795652173913
20120809	21.348
20120810	22.6652173913043
20120811	21.4478260869565
20120812	20.8041666666667
20120813	20.9608695652174
20120814	19.7565217391304
20120815	21.525
20120816	22.0954545454545
20120817	20.8913043478261
20120818	20.8652173913043
20120819	21.804347826087
20120820	21.4434782608696
20120821	20.3941176470588
20120822	21.3176470588235
20120823	20.595
20120824	20.88125
20120825	20.9285714285714
20120826	21.185
20120827	22.3555555555556
20120828	23.5842105263158
20120829	23.2416666666667
20120830	22.0947368421053
20120831	21.135
20120901	22.3227272727273
20120902	22.3260869565217
20120903	21.0583333333333
20120904	21.5571428571429
20120905	21.0571428571429
20120906	21.9111111111111
20120907	23.0111111111111
20120908	21.8111111111111
20120909	22.2333333333333
20120910	23.13
20120911	21.8260869565217
20120912	20.6352941176471
20120913	21.6565217391304
20120914	22.9217391304348
20120915	22.9521739130435
20120916	22.6227272727273
20120917	21.0826086956522
20120918	20.485
20120919	20.375
20120920	21.9363636363636
20120921	21.047619047619
20120922	20.904347826087
20120923	20.9368421052632
20120924	20.9526315789474
20120925	19.66
20120926	21.815
20120927	20.6409090909091
20120928	22.0095238095238
20120929	21.4444444444444
20120930	22.6363636363636
20121001	21.6095238095238
20121002	20.7578947368421
20121003	22.4882352941176
20121004	21.9681818181818
20121005	20.1166666666667
20121006	19.9307692307692
20121007	20.4277777777778
20121008	20.8294117647059
20121009	22.152380952381
20121010	19.8772727272727
20121011	20.7772727272727
20121012	20.9714285714286
20121013	19.8772727272727
20121014	21.147619047619
20121015	20.6090909090909
20121016	20.3125
20121017	20.6826086956522
20121018	19.4375
20121019	19.8722222222222
20121020	21.1352941176471
20121021	20.8958333333333
20121022	20.2416666666667
20121023	20.875
20121024	20.2954545454545
20121025	20.8642857142857
20121026	21.0444444444444
20121027	21.28125
20121028	22.3266666666667
20121029	21.9705882352941
20121030	20.3047619047619
20121031	20.7210526315789
20121101	21.0380952380952
20121102	21.6235294117647
20121103	20.9
20121104	21.0357142857143
20121105	20.6
20121106	22.42
20121107	21.225
20121108	21.1214285714286
20121109	21.9266666666667
20121110	22.0333333333333
20121111	21.4375
20121112	19.7823529411765
20121113	21.22
20121114	21.8333333333333
20121115	20.3928571428571
20121116	19.5533333333333
20121117	20.625
20121118	19.6875
20121119	20.7538461538462
20121120	21.9333333333333
20121121	21.8133333333333
20121122	20.4166666666667
20121123	20.12
20121124	20.9125
20121125	22.6545454545455
20121126	22.1444444444444
20121127	21.5529411764706
20121128	21.4045454545455
20121129	20.6307692307692
20121130	20.7235294117647
20121201	20.2565217391304
20121202	20.3928571428571
20121203	20.21875
20121204	20.7928571428571
20121205	20.4642857142857
20121206	20.6578947368421
20121207	20.9578947368421
20121208	21.5
20121209	22.2066666666667
20121210	22.9578947368421
20121211	22.5222222222222
20121212	21.315
20121213	21.1529411764706
20121214	NA
20121215	20.05
20121216	20.1285714285714
20121217	20.7235294117647
20121218	20.4176470588235
20121219	21.275
20121220	21.5857142857143
20121221	21.045
20121222	20.9461538461538
20121223	20.7470588235294
20121224	21.4833333333333
20121225	22.1083333333333
20121226	21.1066666666667
20121227	21.6714285714286
20121228	22.92
20121229	22.7571428571429
20121230	21.3142857142857
20121231	22.7333333333333
20130101	22.0846153846154
20130102	21.6916666666667
20130103	21.9222222222222
20130104	23.42
20130105	22.9066666666667
20130106	23.0058823529412
20130107	23.3235294117647
20130108	23.55
20130109	24.6769230769231
20130110	24.3142857142857
20130111	23.485
20130112	22.2454545454545
20130113	21.7142857142857
20130114	21.3363636363636
20130115	22.8
20130116	22.3857142857143
20130117	22
20130118	21.5266666666667
20130119	22.24375
20130120	22.4090909090909
20130121	22.4333333333333
20130122	22.1375
20130123	21.8
20130124	20.9823529411765
20130125	20.5529411764706
20130126	20.5571428571429
20130127	22.1789473684211
20130128	23.29375
20130129	23.05
20130130	23.2588235294118
20130131	22.2095238095238
20130201	20.4315789473684
20130202	20.7041666666667
20130203	22.24
20130204	21.4130434782609
20130205	21.0684210526316
20130206	20.7391304347826
20130207	20.9869565217391
20130208	20.8217391304348
20130209	19.9375
20130210	20.665
20130211	21.3545454545455
20130212	21.7375
20130213	22.0095238095238
20130214	22.0478260869565
20130215	21.45
20130216	22.5958333333333
20130217	19.9291666666667
20130218	20.3217391304348
20130219	23.0041666666667
20130220	21.5708333333333
20130221	22.7916666666667
20130222	22.2291666666667
20130223	23.1875
20130224	21.9875
20130225	22.1458333333333
20130226	22.8666666666667
20130227	22.2166666666667
20130228	21.1583333333333
20130301	21.15
20130302	22.5416666666667
20130303	21.2125
20130304	20.7791666666667
20130305	22.2625
20130306	22.4333333333333
20130307	21.704347826087
20130308	22.3166666666667
20130309	23.3869565217391
20130310	22.1375
20130311	23.2217391304348
20130312	21.4304347826087
20130313	21.9083333333333
20130314	21.2454545454545
20130315	19.9
20130316	21.4695652173913
20130317	21.3458333333333
20130318	21.15
20130319	21.5916666666667
20130320	21.125
20130321	20.4541666666667
20130322	20.1625
20130323	20.9666666666667
20130324	22.4625
20130325	21.1434782608696
20130326	22.4541666666667
20130327	22.3125
20130328	21.5826086956522
20130329	21.8916666666667
20130330	22.6875
20130331	23.1541666666667
20130401	24.3
20130402	21.8916666666667
20130403	21.6166666666667
20130404	22.9208333333333
20130405	22.1291666666667
20130406	22.1391304347826
20130407	21.9875
20130408	22.1478260869565
20130409	23.2541666666667
20130410	22.0208333333333
20130411	22.6541666666667
20130412	23.15
20130413	22.64
20130414	22.5916666666667
20130415	22.2833333333333
20130416	22.9208333333333
20130417	21.7458333333333
20130418	21.225
20130419	20.3791666666667
20130420	20.925
20130421	19.4521739130435
20130422	21.22
20130423	21.2458333333333
20130424	21.6458333333333
20130425	21.6375
20130426	21.2333333333333
20130427	20.925
20130428	20.4913043478261
20130429	20.436
20130430	22.1608695652174
20130501	20.9625
20130502	21.1
20130503	20.2666666666667
20130504	21.7958333333333
20130505	19.9208333333333
20130506	19.8666666666667
20130507	19.575
20130508	21.45
20130509	22.2384615384615
20130510	20.4416666666667
20130511	21.6541666666667
20130512	22.6083333333333
20130513	22.1875
20130514	21.5541666666667
20130515	21.6708333333333
20130516	21.3916666666667
20130517	20.35
20130518	21.3916666666667
20130519	21.6416666666667
20130520	21.3791666666667
20130521	20.2708333333333
20130522	20.4
20130523	20.2833333333333
20130524	20.9083333333333
20130525	21.7208333333333
20130526	21.225
20130527	21.5458333333333
20130528	20.8958333333333
20130529	20.6958333333333
20130530	20.9791666666667
20130531	19.7708333333333
20130601	20.195
20130602	21.6083333333333
20130603	21.8583333333333
20130604	23.1608695652174
20130605	21.6416666666667
20130606	21.3833333333333
20130607	22.0958333333333
20130608	22.4260869565217
20130609	22.8458333333333
20130610	22.6782608695652
20130611	21.1260869565217
20130612	20.795652173913
20130613	21.6958333333333
20130614	21.6916666666667
20130615	21.1958333333333
20130616	22.8416666666667
20130617	22.0125
20130618	22.7208333333333
20130619	21.25
20130620	22.0791666666667
20130621	22.3208333333333
20130622	22.7416666666667
20130623	23.0291666666667
20130624	21.2916666666667
20130625	20.6791666666667
20130626	21.8375
20130627	22.4565217391304
20130628	20.14
20130629	20.6291666666667
20130630	19.8125
20130701	19.6916666666667
20130702	21.6666666666667
20130703	22.1583333333333
20130704	21.5916666666667
20130705	20.425
20130706	21.9541666666667
20130707	21.9333333333333
20130708	22.1
20130709	21.875
20130710	21.4458333333333
20130711	21.0666666666667
20130712	21.9208333333333
20130713	22.056
20130714	22.3833333333333
20130715	21.9
20130716	22.1041666666667
20130717	23.4958333333333
20130718	22.3916666666667
20130719	21.3041666666667
20130720	21.2458333333333
20130721	22.8125
20130722	21.6583333333333
20130723	21.3791666666667
20130724	23.2869565217391
20130725	22.9041666666667
20130726	22.875
20130727	21.9333333333333
20130728	23.0375
20130729	22.3083333333333
20130730	21.6666666666667
20130731	22.0916666666667
20130801	20.9434782608696
20130802	21.2130434782609
20130803	22.1083333333333
20130804	22.7272727272727
20130805	22.612
20130806	23.1875
20130807	21.2083333333333
20130808	20.5125
20130809	20.2875
20130810	20.1666666666667
20130811	20.1260869565217
20130812	19.736
20130813	20.6833333333333
20130814	22.0458333333333
20130815	22.5136363636364
20130816	21.732
20130817	20.9
20130818	21.1652173913043
20130819	21.2958333333333
20130820	20.6333333333333
20130821	21.5208333333333
20130822	21.8
20130823	21.6
20130824	20.7916666666667
20130825	20.6958333333333
20130826	20.675
20130827	20.325
20130828	21.8458333333333
20130829	21.3666666666667
20130830	20.5625
20130831	21.9583333333333
20130901	20.5782608695652
20130902	20.7913043478261
20130903	NA
20130904	20.3521739130435
20130905	21.9391304347826
20130906	20.0875
20130907	20.7708333333333
20130908	20.7833333333333
20130909	20.7208333333333
20130910	20.9083333333333
20130911	20.75
20130912	20.7458333333333
20130913	19.7125
20130914	21.875
20130915	21.9272727272727
20130916	23.1521739130435
20130917	21.5833333333333
20130918	21.0466666666667
20130919	21.3846153846154
20130920	21.7272727272727
20130921	22.9583333333333
20130922	22.5
20130923	22.6086956521739
20130924	22.725
20130925	22.2954545454545
20130926	21.1347826086957
20130927	21.2521739130435
20130928	20.2434782608696
20130929	20.7
20130930	20.695652173913
20131001	19.7666666666667
20131002	21.4416666666667
20131003	22.3541666666667
20131004	19.4130434782609
20131005	21.2434782608696
20131006	21.7708333333333
20131007	21.8833333333333
20131008	21.8954545454545
20131009	22.4958333333333
20131010	21.5083333333333
20131011	20.2521739130435
20131012	21.225
20131013	20.2608695652174
20131014	19.8217391304348
20131015	20.6571428571429
20131016	19.3826086956522
20131017	20.3666666666667
20131018	21.3045454545455
20131019	21.904347826087
20131020	21.3
20131021	20.1782608695652
20131022	19.7041666666667
20131023	21.1761904761905
20131024	21.4260869565217
20131025	21.7666666666667
20131026	21.7
20131027	20.8681818181818
20131028	20.7333333333333
20131029	21.2958333333333
20131030	20.8125
20131031	19.7333333333333
20131101	20.3583333333333
20131102	20.4478260869565
20131103	20.475
20131104	19.7416666666667
20131105	19.3208333333333
20131106	20.3166666666667
20131107	19.1125
20131108	19.75
20131109	22.7
20131110	22.5555555555556
20131111	23.368
20131112	21.4115384615385
20131113	21.6346153846154
20131114	20.4875
20131115	20.9148148148148
20131116	21.5576923076923
20131117	21.6538461538462
20131118	18.7888888888889
20131119	18.1423076923077
20131120	19.924
20131121	23.3423076923077
20131122	19.95
20131123	19.412
20131124	-96.6576923076923
20131125	17.1444444444444
20131126	18.9192307692308
20131127	18.3592592592593
20131128	22.1037037037037
20131129	20.2153846153846
20131130	22.5185185185185
20131201	18.337037037037
20131202	104.166666666667
20131203	22.5692307692308
20131204	108.12962962963
20131205	164.088461538462
20131206	40.1230769230769
20131207	115.08
20131208	18.4814814814815
20131209	172.14
20131210	-70.4423076923077
20131211	24.2555555555556
20131212	84.2192307692308
20131213	-6.08888888888889
20131214	86.5962962962963
20131215	-32.4307692307692
20131216	-4.83333333333333
20131217	18.6259259259259
20131218	19.068
20131219	-36.8333333333333
20131220	18.3851851851852
20131221	69.9346153846154
20131222	165.074074074074
20131223	170.351851851852
20131224	119.984615384615
20131225	124.411111111111
20131226	172.242307692308
20131227	119.361538461538
20131228	180.011538461538
20131229	122.518518518519
20131230	117.657692307692
20131231	-7.44242424242425
20140101	189.479166666667
20140102	82.8576923076923
20140103	165.438461538462
20140104	171.814814814815
20140105	177.223076923077
20140106	121.892
20140107	125.653846153846
20140108	162.603846153846
20140109	135.936
20140110	166.403703703704
20140111	134.296
20140112	116.761538461538
20140113	174.207692307692
20140114	127.437037037037
20140115	85.088
20140116	172.648148148148
20140117	177.322222222222
20140118	84.744
20140119	128.973076923077
20140120	172.311538461538
20140121	134.645833333333
20140122	139.436
20140123	161.774074074074
20140124	84.5304347826087
20140125	167.962962962963
20140126	175.569230769231
20140127	76.1538461538461
20140128	162.188888888889
20140129	171.65
20140130	129.48
20140131	127.396153846154
20140201	173.588
20140202	140.234782608696
20140203	173.696296296296
20140204	120.881481481481
20140205	124.708333333333
20140206	130.632
20140207	21.8083333333333
20140208	22.1458333333333
20140209	22.7125
20140210	21.3695652173913
20140211	21.9708333333333
20140212	22.5208333333333
20140213	21.2958333333333
20140214	21.1541666666667
20140215	21.6958333333333
20140216	21.6304347826087
20140217	21.1416666666667
20140218	21.3263157894737
20140219	21.6761904761905
20140220	21.1173913043478
20140221	21.7
20140222	20.94375
20140223	21.9866666666667
20140224	21.26
20140225	21.0071428571429
20140226	21.6571428571429
20140227	20.9304347826087
20140228	19.5529411764706
20140301	20.2714285714286
20140302	19.7941176470588
20140303	20.2428571428571
20140304	21.425
20140305	22.6
20140306	21.15
20140307	20.8315789473684
20140308	19.855
20140309	20.285
20140310	20.1272727272727
20140311	21.0318181818182
20140312	21.5875
20140313	21.1333333333333
20140314	20.8894736842105
20140315	21.3875
20140316	21.3173913043478
20140317	22.275
20140318	21.5333333333333
20140319	22.5916666666667
20140320	22.9086956521739
20140321	NA
20140322	22.2333333333333
20140323	21.9652173913043
20140324	21.0454545454545
20140325	21.35
20140326	21.0363636363636
20140327	22.5541666666667
20140328	23.3882352941176
20140329	23.9583333333333
20140330	22.4642857142857
20140331	21.18
20140401	22.575
20140402	23.425
20140403	22.37
20140404	23.1222222222222
20140405	22.3625
20140406	23.5133333333333
20140407	22.09
20140408	22.8277777777778
20140409	22.0117647058824
20140410	22.40625
20140411	23.9222222222222
20140412	23.3555555555556
20140413	22.48
20140414	22.3111111111111
20140415	21.3777777777778
20140416	21.2095238095238
20140417	20.65
20140418	22.4608695652174
20140419	21.0958333333333
20140420	22.2909090909091
20140421	21.6736842105263
20140422	20.3583333333333
20140423	22.1478260869565
20140424	20.3875
20140425	21.7
20140426	21.2625
20140427	21.2714285714286
20140428	22.8882352941176
20140429	22.3086956521739
20140430	21.31
20140501	21.7125
20140502	21.1625
20140503	21.3541666666667
20140504	21.8
20140505	21.8130434782609
20140506	21.7772727272727
20140507	20.6434782608696
20140508	20.8416666666667
20140509	19.65
20140510	19.9916666666667
20140511	20.1416666666667
20140512	21.4208333333333
20140513	21.8916666666667
20140514	22.5
20140515	20.6416666666667
20140516	20.9318181818182
20140517	21.0391304347826
20140518	21.3347826086957
20140519	21.3904761904762
20140520	21.5565217391304
20140521	20.9090909090909
20140522	21.6764705882353
20140523	21.1045454545455
20140524	21.61
20140525	22.8291666666667
20140526	23
20140527	21.4666666666667
20140528	21.9818181818182
20140529	21.1217391304348
20140530	21.1181818181818
20140531	22.3666666666667
20140601	22.4416666666667
20140602	21.6833333333333
20140603	21.605
20140604	22.4190476190476
20140605	22.1916666666667
20140606	22.3818181818182
20140607	22.1571428571429
20140608	21.4733333333333
20140609	21.4416666666667
20140610	22.5421052631579
20140611	22.535
20140612	23.6230769230769
20140613	23.6
20140614	21.6333333333333
20140615	22.0571428571429
20140616	23.32
20140617	23.0736842105263
20140618	23.8
20140619	22.2214285714286
20140620	21.75
20140621	23.00625
20140622	23.4153846153846
20140623	23.7333333333333
20140624	21.59375
20140625	20.10625
20140626	21.9411764705882
20140627	22.7285714285714
20140628	21.6666666666667
20140629	22.8823529411765
20140630	23.0384615384615
20140701	21.1315789473684
