Date	Value
20050419	24.0285714285714
20050420	21.4652173913043
20050421	22.3708333333333
20050422	21.625
20050423	22.0903225806452
20050424	21.9913043478261
20050425	22.1173913043478
20050426	23.084
20050427	22.9833333333333
20050428	22.4541666666667
20050429	22.1391304347826
20050430	23.064
20050501	22.875
20050502	22.7478260869565
20050503	21.412
20050504	21.595652173913
20050505	22.036
20050506	21.5739130434783
20050507	23.2708333333333
20050508	23.26
20050509	22.636
20050510	23.225
20050511	24.4708333333333
20050512	24.2708333333333
20050513	23.1708333333333
20050514	22.1291666666667
20050515	21.1166666666667
20050516	22.6578947368421
20050517	21.3130434782609
20050518	22.8
20050519	21.1458333333333
20050520	22.5260869565217
20050521	23.08
20050522	23.2416666666667
20050523	19.7736842105263
20050524	3277.8
20050525	22.4875
20050526	23.1826086956522
20050527	23.2416666666667
20050528	23.5791666666667
20050529	24.2166666666667
20050530	24.4583333333333
20050531	23.4851851851852
20050601	22.0291666666667
20050602	22.6416666666667
20050603	22.8625
20050604	23.3333333333333
20050605	22.3666666666667
20050606	21
20050607	22.0695652173913
20050608	22.4076923076923
20050609	22.6565217391304
20050610	24.25
20050611	22.3375
20050612	22.6347826086957
20050613	23.408
20050614	22.7541666666667
20050615	22.6083333333333
20050616	23.8769230769231
20050617	23.9666666666667
20050618	23.7666666666667
20050619	23.8541666666667
20050620	22.7416666666667
20050621	23.9541666666667
20050622	23.1739130434783
20050623	21.8
20050624	23.55
20050625	22.76
20050626	22.8958333333333
20050627	23.5083333333333
20050628	23.1166666666667
20050629	22.195652173913
20050630	19.7444444444444
20050701	24.1764705882353
20050702	24.5857142857143
20050703	25.075
20050704	24.1176470588235
20050705	23.4583333333333
20050706	22.7291666666667
20050707	22.6666666666667
20050708	23.74
20050709	23.1916666666667
20050710	23.8208333333333
20050711	23.488
20050712	22.7130434782609
20050713	21.088
20050714	21.2208333333333
20050715	21.5625
20050716	22.3642857142857
20050717	22.5541666666667
20050718	23.6416666666667
20050719	23.1652173913043
20050720	22.4826086956522
20050721	23.1086956521739
20050722	23.7166666666667
20050723	23.3928571428571
20050724	25.7166666666667
20050725	24.1391304347826
20050726	25.1695652173913
20050727	25.38
20050728	25.6521739130435
20050729	25.6565217391304
20050730	24.6333333333333
20050731	23.5642857142857
20050801	3277.8
20050802	22.8333333333333
20050803	24.12
20050804	23.6608695652174
20050805	23.7958333333333
20050806	23.975
20050807	25.1166666666667
20050808	24.3703703703704
20050809	23.8666666666667
20050810	23.3217391304348
20050811	22.9347826086957
20050812	23.7916666666667
20050813	22.7875
20050814	21.7541666666667
20050815	22.425
20050816	20.9321428571429
20050817	21.3
20050818	22.3625
20050819	23.2583333333333
20050820	24.6608695652174
20050821	23.1458333333333
20050822	21.4583333333333
20050823	22.404
20050824	3277.8
20050825	22.8434782608696
20050826	22.584
20050827	22.8708333333333
20050828	21.475
20050829	22.8913043478261
20050830	22.9166666666667
20050831	23.1185185185185
20050901	23.7
20050902	23.4833333333333
20050903	21.8625
20050904	23.5652173913043
20050905	23.8166666666667
20050906	22.9666666666667
20050907	22.8391304347826
20050908	24.7724137931034
20050909	23.6958333333333
20050910	25.0652173913043
20050911	24.112
20050912	24.3304347826087
20050913	23.0045454545455
20050914	23.595652173913
20050915	21.7705882352941
20050916	23.2384615384615
20050917	24.5333333333333
20050918	24.2863636363636
20050919	24.296
20050920	22.775
20050921	21.0947368421053
20050922	21.7857142857143
20050923	20.7407407407407
20050924	21.55
20050925	22.2041666666667
20050926	21.85
20050927	21.004347826087
20050928	21.0565217391304
20050929	21.5227272727273
20050930	22.65
20051001	21.7857142857143
20051002	21.6565217391304
20051003	22.4739130434783
20051004	21.6434782608696
20051005	23.2434782608696
20051006	22.684
20051007	21.4318181818182
20051008	22.196
20051009	3277.8
20051010	22.6041666666667
20051011	21.8666666666667
20051012	22.5875
20051013	22.4833333333333
20051014	22.604347826087
20051015	21.572
20051016	22.5777777777778
20051017	22.596
20051018	22.3083333333333
20051019	22.2571428571429
20051020	22.9058823529412
20051021	22.8
20051022	21.58125
20051023	21.5875
20051024	19.7928571428571
20051025	20.7416666666667
20051026	20.7041666666667
20051027	21.9083333333333
20051028	21.1695652173913
20051029	21.392
20051030	20.9333333333333
20051031	22.3708333333333
20051101	3277.8
20051102	22.3277777777778
20051103	22.3391304347826
20051104	21.8625
20051105	22.476
20051106	23.2565217391304
20051107	22.45
20051108	22.5347826086957
20051109	21.384
20051110	21.964
20051111	21.0291666666667
20051112	21.1875
20051113	20.7625
20051114	21.2083333333333
20051115	156.7625
20051116	20.7407407407407
20051117	22.44
20051118	21.1291666666667
20051119	21.8416666666667
20051120	21.8608695652174
20051121	21.0208333333333
20051122	20.1291666666667
20051123	20.4727272727273
20051124	20.0461538461538
20051125	21.4541666666667
20051126	21.3416666666667
20051127	22.3416666666667
20051128	22.2083333333333
20051129	21.9041666666667
20051130	22.1333333333333
20051201	22.0461538461538
20051202	22.024
20051203	21.7625
20051204	22.0166666666667
20051205	21.7708333333333
20051206	20.4304347826087
20051207	21.1125
20051208	21.2608695652174
20051209	22.2758620689655
20051210	23.2166666666667
20051211	22.9625
20051212	22.0125
20051213	22.6695652173913
20051214	22.544
20051215	21.975
20051216	21.688
20051217	3277.8
20051218	22.7833333333333
20051219	21.5045454545455
20051220	21.2782608695652
20051221	22.1958333333333
20051222	21.7458333333333
20051223	21.7708333333333
20051224	22.1714285714286
20051225	21.9833333333333
20051226	NA
20051227	23.8
20051228	23.81
20051229	22.5652173913043
20051230	22.225
20051231	22.8086956521739
20060101	23.324
20060102	23.6625
20060103	22.8
20060104	20.2545454545455
20060105	19.547619047619
20060106	19.7692307692308
20060107	21.5833333333333
20060108	21.1
20060109	22.7590909090909
20060110	22.5263157894737
20060111	23.5947368421053
20060112	23.0458333333333
20060113	23.0076923076923
20060114	24.2347826086957
20060115	22.9666666666667
20060116	23.6444444444444
20060117	24.425
20060118	22.4913043478261
20060119	23.98
20060120	22.7782608695652
20060121	22.9740740740741
20060122	24.0958333333333
20060123	24.3
20060124	22.7583333333333
20060125	23.9416666666667
20060126	24.7090909090909
20060127	23.0625
20060128	25.1176470588235
20060129	23
20060130	25.3722222222222
20060131	23.5913043478261
20060201	22.515
20060202	23.2
20060203	23.1416666666667
20060204	21.3181818181818
20060205	22.71
20060206	0
20060207	NA
20060208	NA
20060209	NA
20060210	23.5647058823529
20060211	24.1277777777778
20060212	24.1235294117647
20060213	23.1625
20060214	23.4111111111111
20060215	23.645
20060216	23.7142857142857
20060217	23.5818181818182
20060218	23.75
20060219	23.7052631578947
20060220	23.905
20060221	23.85
20060222	23.6958333333333
20060223	24.95
20060224	24.5
20060225	3277.8
20060226	23.8041666666667
20060227	20.2636363636364
20060228	22.9631578947368
20060301	25.05
20060302	24.6545454545455
20060303	23.2571428571429
20060304	22.6388888888889
20060305	22.15
20060306	21.4692307692308
20060307	NA
20060308	20.5083333333333
20060309	20.7333333333333
20060310	22.4545454545455
20060311	23.86
20060312	22.6222222222222
20060313	23.1105263157895
20060314	23.5882352941176
20060315	22.256
20060316	22.745
20060317	21.9375
20060318	22.8294117647059
20060319	22.6619047619048
20060320	22.0866666666667
20060321	23.0882352941176
20060322	22.4117647058824
20060323	22.1529411764706
20060324	22.8052631578947
20060325	21.4722222222222
20060326	21.5217391304348
20060327	23.6
20060328	23.4941176470588
20060329	25.0214285714286
20060330	24.3125
20060331	22.8083333333333
20060401	22.7857142857143
20060402	21.4
20060403	22.3133333333333
20060404	21.908
20060405	20.4782608695652
20060406	21.9346153846154
20060407	22.0666666666667
20060408	22.3833333333333
20060409	23.1565217391304
20060410	23.0708333333333
20060411	22.7625
20060412	21.0083333333333
20060413	20.2115384615385
20060414	19.7565217391304
20060415	20.968
20060416	21.6041666666667
20060417	22.2791666666667
20060418	21.795652173913
20060419	22.0083333333333
20060420	23.1916666666667
20060421	23.5692307692308
20060422	25.1458333333333
20060423	23.5083333333333
20060424	22.9541666666667
20060425	22.4583333333333
20060426	20.8416666666667
20060427	22.0869565217391
20060428	21.748
20060429	22.1769230769231
20060430	21.0458333333333
20060501	22.1217391304348
20060502	22.752
20060503	23.0708333333333
20060504	22.3652173913043
20060505	21.4625
20060506	21.725
20060507	3277.8
20060508	21.65
20060509	22.0833333333333
20060510	20.6478260869565
20060511	22.5791666666667
20060512	21.876
20060513	22.8294117647059
20060514	24.545
20060515	24.2708333333333
20060516	23.4458333333333
20060517	21.7625
20060518	22.1652173913043
20060519	22.3875
20060520	22.9142857142857
20060521	22.9125
20060522	23.3448275862069
20060523	24.0041666666667
20060524	23.0739130434783
20060525	23.2625
20060526	23.6291666666667
20060527	22.6375
20060528	23.1625
20060529	21.45
20060530	22.612
20060531	23.624
20060601	22.65
20060602	22.0958333333333
20060603	22.2166666666667
20060604	22.5416666666667
20060605	21.6739130434783
20060606	20.5961538461538
20060607	20.7304347826087
20060608	20.228
20060609	21.8583333333333
20060610	20.5416666666667
20060611	21.5375
20060612	22.8166666666667
20060613	23.6666666666667
20060614	21.1551724137931
20060615	22.2458333333333
20060616	22.0166666666667
20060617	23.4416666666667
20060618	22.9833333333333
20060619	23.5666666666667
20060620	24.0291666666667
20060621	21.6304347826087
20060622	22.6571428571429
20060623	23.6857142857143
20060624	22.436
20060625	23.275
20060626	24.5333333333333
20060627	24.4625
20060628	160.104166666667
20060629	24.9375
20060630	3277.8
20060701	25.975
20060702	25.9652173913043
20060703	24.855
20060704	23.5866666666667
20060705	24.1590909090909
20060706	24.0833333333333
20060707	24.6266666666667
20060708	25.2923076923077
20060709	25.1363636363636
20060710	24.075
20060711	24.29
20060712	24.9304347826087
20060713	23.525
20060714	22.83125
20060715	22.6434782608696
20060716	21.58
20060717	23.9615384615385
20060718	22.2904761904762
20060719	23.0916666666667
20060720	23.675
20060721	24.0608695652174
20060722	22.236
20060723	3277.8
20060724	23.1
20060725	23.0583333333333
20060726	23.3409090909091
20060727	19.5285714285714
20060728	18.8375
20060729	20.36
20060730	23.7214285714286
20060731	23.072
20060801	24.4875
20060802	25.1083333333333
20060803	23.7
20060804	24.5041666666667
20060805	23.5541666666667
20060806	24.2875
20060807	23.5
20060808	23.6083333333333
20060809	22.4478260869565
20060810	23.76
20060811	22.925
20060812	23.7
20060813	24.7565217391304
20060814	25.30625
20060815	3277.8
20060816	22.9291666666667
20060817	22.3478260869565
20060818	20.9375
20060819	22.6083333333333
20060820	23.6869565217391
20060821	23.084
20060822	24.0416666666667
20060823	23.984
20060824	21.7
20060825	22.092
20060826	21.0291666666667
20060827	21.8875
20060828	22.8826086956522
20060829	24.2666666666667
20060830	22.5653846153846
20060831	24.1470588235294
20060901	23.316
20060902	23.3652173913043
20060903	22.728
20060904	21.4583333333333
20060905	22.8727272727273
20060906	22.584
20060907	21.2766666666667
20060908	22.6
20060909	22.42
20060910	23.504347826087
20060911	22.284
20060912	23.2333333333333
20060913	21.1
20060914	23.4230769230769
20060915	21.7
20060916	22.2478260869565
20060917	22.4041666666667
20060918	21.3086956521739
20060919	21.928
20060920	23.0708333333333
20060921	23.6541666666667
20060922	23.2285714285714
20060923	23.7458333333333
20060924	23.1041666666667
20060925	23.4272727272727
20060926	23.3318181818182
20060927	24.6136363636364
20060928	24.6
20060929	23.45
20060930	23.0607142857143
20061001	22.5125
20061002	22.825
20061003	22.9833333333333
20061004	22.0826086956522
20061005	23.528
20061006	159.608333333333
20061007	24.5782608695652
20061008	23.5230769230769
20061009	23.26
20061010	23.0416666666667
20061011	21.4571428571429
20061012	22.4086956521739
20061013	20.76
20061014	21.2
20061015	20.772
20061016	20.556
20061017	20.2142857142857
20061018	22.4086956521739
20061019	21.4125
20061020	21.7875
20061021	22.3333333333333
20061022	21.7166666666667
20061023	20.7074074074074
20061024	22.1866666666667
20061025	23.0869565217391
20061026	21.2333333333333
20061027	22.6347826086957
20061028	21.7583333333333
20061029	22.0875
20061030	21.7166666666667
20061031	21.0391304347826
20061101	21.2333333333333
20061102	21.7916666666667
20061103	22.7541666666667
20061104	23.1739130434783
20061105	23.075
20061106	21.5304347826087
20061107	21.9851851851852
20061108	21.0958333333333
20061109	21.0125
20061110	21.8875
20061111	22.5869565217391
20061112	21.2708333333333
20061113	21.0764705882353
20061114	21.55625
20061115	19.8
20061116	21.1458333333333
20061117	21.4521739130435
20061118	20.4444444444444
20061119	NA
20061120	NA
20061121	NA
20061122	21.6625
20061123	3277.8
20061124	21.995652173913
20061125	21.5125
20061126	21.5086956521739
20061127	22.4291666666667
20061128	21.345
20061129	21.9333333333333
20061130	22.9962962962963
20061201	23.156
20061202	22.4086956521739
20061203	22.0304347826087
20061204	22.1
20061205	21.8958333333333
20061206	21.2357142857143
20061207	NA
20061208	NA
20061209	21.25
20061210	22.0833333333333
20061211	22.525
20061212	21.0625
20061213	20.3434782608696
20061214	20.7
20061215	22.0647058823529
20061216	3277.8
20061217	22.8066666666667
20061218	22.025
20061219	22.125
20061220	21.1045454545455
20061221	22.9823529411765
20061222	22.8772727272727
20061223	22.1814814814815
20061224	23.0083333333333
20061225	22.4739130434783
20061226	22.0125
20061227	22.1705882352941
20061228	22.8333333333333
20061229	23.2913043478261
20061230	24.116
20061231	23.1892857142857
20070101	23.6166666666667
20070102	23.5869565217391
20070103	23.9608695652174
20070104	23.45
20070105	23.5625
20070106	23.1
20070107	22.8857142857143
20070108	3277.8
20070109	22.2478260869565
20070110	22.196
20070111	23.2375
20070112	23.3
20070113	23.0625
20070114	23.6833333333333
20070115	24.3875
20070116	3277.8
20070117	23.2958333333333
20070118	23.2125
20070119	23.2583333333333
20070120	23.175
20070121	23.0625
20070122	23.6130434782609
20070123	23.4851851851852
20070124	24.0666666666667
20070125	23.2416666666667
20070126	20.5958333333333
20070127	22.1916666666667
20070128	23.8083333333333
20070129	23.9782608695652
20070130	23.2625
20070131	23.5076923076923
20070201	23.6875
20070202	24.8208333333333
20070203	24.0083333333333
20070204	24.3458333333333
20070205	24.1583333333333
20070206	24.3083333333333
20070207	23.3961538461538
20070208	23.456
20070209	23.2583333333333
20070210	23.2608695652174
20070211	23.3260869565217
20070212	24.2041666666667
20070213	23.9333333333333
20070214	23.65
20070215	20.8846153846154
20070216	22.4583333333333
20070217	21.2454545454545
20070218	20.4916666666667
20070219	21.2125
20070220	22.5666666666667
20070221	23.3458333333333
20070222	23.5315789473684
20070223	3277.8
20070224	24.1434782608696
20070225	23.825
20070226	25.5458333333333
20070227	25.7521739130435
20070228	26.675
20070301	26.05
20070302	25.1578947368421
20070303	24.8407407407407
20070304	23.756
20070305	22.3391304347826
20070306	23.452
20070307	22.1
20070308	22.9363636363636
20070309	21.4818181818182
20070310	23.6842105263158
20070311	22.9307692307692
20070312	23.4173913043478
20070313	23.0541666666667
20070314	22.1375
20070315	23.5055555555556
20070316	22.3782608695652
20070317	22.4
20070318	NA
20070319	NA
20070320	24.2777777777778
20070321	22.3333333333333
20070322	20.8133333333333
20070323	23.0294117647059
20070324	21.6166666666667
20070325	21.1285714285714
20070326	3277.8
20070327	20.9958333333333
20070328	21.5619047619048
20070329	20.7739130434783
20070330	22.2
20070331	21.2652173913043
20070401	23.948
20070402	23.3708333333333
20070403	22.125
20070404	21.7260869565217
20070405	21.825
20070406	22.6208333333333
20070407	22.8791666666667
20070408	21.5125
20070409	22.5409090909091
20070410	23.012
20070411	22.9
20070412	24.6882352941176
20070413	23.885
20070414	22.6458333333333
20070415	23.1409090909091
20070416	22.2304347826087
20070417	22.7869565217391
20070418	22.24
20070419	NA
20070420	NA
20070421	NA
20070422	21.3363636363636
20070423	22.316
20070424	21.7833333333333
20070425	21.528
20070426	21.7869565217391
20070427	21.6318181818182
20070428	22.904
20070429	22.0875
20070430	22.6681818181818
20070501	21.8
20070502	21.9
20070503	22.1285714285714
20070504	21.8458333333333
20070505	23.3545454545455
20070506	23.1166666666667
20070507	22.2363636363636
20070508	22.0058823529412
20070509	23.0681818181818
20070510	22.1260869565217
20070511	24.5961538461538
20070512	23.9454545454545
20070513	23.2166666666667
20070514	23.4125
20070515	23.7304347826087
20070516	23.5083333333333
20070517	22.74
20070518	21.9695652173913
20070519	3277.8
20070520	21.7714285714286
20070521	22.3833333333333
20070522	20.05
20070523	22.1391304347826
20070524	21.9291666666667
20070525	21.4521739130435
20070526	20.8444444444444
20070527	22.2541666666667
20070528	21.425
20070529	20.8941176470588
20070530	21.096
20070531	20.9875
20070601	21.675
20070602	19.76
20070603	NA
20070604	NA
20070605	23.8
20070606	22.9826086956522
20070607	22.4869565217391
20070608	23.4625
20070609	21.832
20070610	22.35
20070611	23.1666666666667
20070612	23.5333333333333
20070613	23.6791666666667
20070614	23.244
20070615	NA
20070616	NA
20070617	NA
20070618	NA
20070619	NA
20070620	NA
20070621	NA
20070622	NA
20070623	NA
20070624	NA
20070625	NA
20070626	NA
20070627	NA
20070628	NA
20070629	NA
20070630	NA
20070701	NA
20070702	NA
20070703	NA
20070704	NA
20070705	NA
20070706	NA
20070707	NA
20070708	NA
20070709	NA
20070710	NA
20070711	NA
20070712	NA
20070713	NA
20070714	NA
20070715	NA
20070716	NA
20070717	NA
20070718	NA
20070719	NA
20070720	NA
20070721	NA
20070722	NA
20070723	NA
20070724	NA
20070725	NA
20070726	NA
20070727	NA
20070728	NA
20070729	NA
20070730	NA
20070731	NA
20070801	NA
20070802	NA
20070803	NA
20070804	NA
20070805	NA
20070806	NA
20070807	NA
20070808	NA
20070809	NA
20070810	NA
20070811	NA
20070812	NA
20070813	NA
20070814	NA
20070815	NA
20070816	NA
20070817	NA
20070818	NA
20070819	NA
20070820	NA
20070821	NA
20070822	NA
20070823	NA
20070824	NA
20070825	NA
20070826	NA
20070827	NA
20070828	NA
20070829	NA
20070830	NA
20070831	NA
20070901	NA
20070902	NA
20070903	NA
20070904	NA
20070905	NA
20070906	NA
20070907	NA
20070908	NA
20070909	NA
20070910	NA
20070911	NA
20070912	NA
20070913	NA
20070914	NA
20070915	NA
20070916	NA
20070917	NA
20070918	NA
20070919	NA
20070920	NA
20070921	NA
20070922	NA
20070923	NA
20070924	NA
20070925	NA
20070926	NA
20070927	NA
20070928	NA
20070929	NA
20070930	NA
20071001	NA
20071002	NA
20071003	NA
20071004	NA
20071005	NA
20071006	NA
20071007	NA
20071008	NA
20071009	NA
20071010	NA
20071011	NA
20071012	NA
20071013	NA
20071014	NA
20071015	NA
20071016	NA
20071017	NA
20071018	NA
20071019	NA
20071020	NA
20071021	NA
20071022	NA
20071023	NA
20071024	NA
20071025	NA
20071026	NA
20071027	NA
20071028	NA
20071029	NA
20071030	NA
20071031	NA
20071101	NA
20071102	NA
20071103	NA
20071104	NA
20071105	NA
20071106	NA
20071107	NA
20071108	NA
20071109	NA
20071110	NA
20071111	NA
20071112	NA
20071113	NA
20071114	NA
20071115	NA
20071116	NA
20071117	NA
20071118	NA
20071119	NA
20071120	NA
20071121	NA
20071122	NA
20071123	NA
20071124	NA
20071125	NA
20071126	NA
20071127	NA
20071128	NA
20071129	NA
20071130	NA
20071201	NA
20071202	NA
20071203	NA
20071204	NA
20071205	NA
20071206	NA
20071207	NA
20071208	NA
20071209	NA
20071210	NA
20071211	NA
20071212	NA
20071213	NA
20071214	NA
20071215	NA
20071216	NA
20071217	NA
20071218	NA
20071219	NA
20071220	NA
20071221	NA
20071222	NA
20071223	NA
20071224	NA
20071225	NA
20071226	NA
20071227	NA
20071228	NA
20071229	NA
20071230	NA
20071231	NA
20080101	NA
20080102	NA
20080103	NA
20080104	NA
20080105	NA
20080106	NA
20080107	NA
20080108	NA
20080109	NA
20080110	NA
20080111	NA
20080112	NA
20080113	NA
20080114	NA
20080115	NA
20080116	NA
20080117	NA
20080118	NA
20080119	NA
20080120	NA
20080121	NA
20080122	NA
20080123	NA
20080124	NA
20080125	NA
20080126	NA
20080127	NA
20080128	NA
20080129	NA
20080130	NA
20080131	NA
20080201	NA
20080202	NA
20080203	NA
20080204	NA
20080205	NA
20080206	NA
20080207	NA
20080208	NA
20080209	NA
20080210	NA
20080211	NA
20080212	NA
20080213	NA
20080214	NA
20080215	NA
20080216	NA
20080217	NA
20080218	NA
20080219	NA
20080220	NA
20080221	NA
20080222	NA
20080223	NA
20080224	NA
20080225	NA
20080226	NA
20080227	NA
20080228	NA
20080229	NA
20080301	NA
20080302	NA
20080303	NA
20080304	NA
20080305	NA
20080306	NA
20080307	NA
20080308	NA
20080309	NA
20080310	NA
20080311	NA
20080312	NA
20080313	NA
20080314	NA
20080315	NA
20080316	NA
20080317	NA
20080318	NA
20080319	NA
20080320	NA
20080321	NA
20080322	NA
20080323	NA
20080324	NA
20080325	NA
20080326	NA
20080327	NA
20080328	NA
20080329	NA
20080330	NA
20080331	NA
20080401	NA
20080402	NA
20080403	NA
20080404	NA
20080405	NA
20080406	NA
20080407	NA
20080408	NA
20080409	NA
20080410	NA
20080411	NA
20080412	NA
20080413	NA
20080414	NA
20080415	NA
20080416	NA
20080417	NA
20080418	NA
20080419	NA
20080420	NA
20080421	NA
20080422	NA
20080423	NA
20080424	NA
20080425	NA
20080426	NA
20080427	NA
20080428	NA
20080429	NA
20080430	NA
20080501	NA
20080502	NA
20080503	NA
20080504	NA
20080505	NA
20080506	NA
20080507	NA
20080508	NA
20080509	NA
20080510	NA
20080511	NA
20080512	NA
20080513	NA
20080514	NA
20080515	NA
20080516	NA
20080517	NA
20080518	NA
20080519	NA
20080520	NA
20080521	NA
20080522	NA
20080523	NA
20080524	NA
20080525	NA
20080526	NA
20080527	NA
20080528	NA
20080529	NA
20080530	NA
20080531	NA
20080601	NA
20080602	NA
20080603	NA
20080604	NA
20080605	NA
20080606	NA
20080607	NA
20080608	NA
20080609	NA
20080610	NA
20080611	NA
20080612	NA
20080613	NA
20080614	NA
20080615	NA
20080616	NA
20080617	NA
20080618	NA
20080619	NA
20080620	NA
20080621	NA
20080622	NA
20080623	NA
20080624	NA
20080625	NA
20080626	NA
20080627	NA
20080628	NA
20080629	NA
20080630	NA
20080701	NA
20080702	NA
20080703	NA
20080704	NA
20080705	NA
20080706	NA
20080707	NA
20080708	NA
20080709	NA
20080710	NA
20080711	NA
20080712	NA
20080713	NA
20080714	NA
20080715	NA
20080716	NA
20080717	NA
20080718	NA
20080719	NA
20080720	NA
20080721	NA
20080722	NA
20080723	NA
20080724	NA
20080725	NA
20080726	NA
20080727	NA
20080728	NA
20080729	NA
20080730	NA
20080731	NA
20080801	NA
20080802	NA
20080803	NA
20080804	NA
20080805	NA
20080806	NA
20080807	NA
20080808	NA
20080809	NA
20080810	NA
20080811	NA
20080812	NA
20080813	NA
20080814	NA
20080815	NA
20080816	NA
20080817	NA
20080818	NA
20080819	NA
20080820	NA
20080821	NA
20080822	NA
20080823	NA
20080824	NA
20080825	NA
20080826	NA
20080827	NA
20080828	NA
20080829	NA
20080830	NA
20080831	NA
20080901	NA
20080902	NA
20080903	NA
20080904	NA
20080905	NA
20080906	NA
20080907	NA
20080908	NA
20080909	NA
20080910	NA
20080911	NA
20080912	NA
20080913	NA
20080914	NA
20080915	NA
20080916	NA
20080917	NA
20080918	NA
20080919	NA
20080920	NA
20080921	NA
20080922	NA
20080923	NA
20080924	NA
20080925	NA
20080926	NA
20080927	NA
20080928	NA
20080929	NA
20080930	NA
20081001	NA
20081002	NA
20081003	NA
20081004	NA
20081005	NA
20081006	NA
20081007	NA
20081008	NA
20081009	NA
20081010	NA
20081011	NA
20081012	NA
20081013	NA
20081014	NA
20081015	NA
20081016	NA
20081017	NA
20081018	NA
20081019	NA
20081020	NA
20081021	NA
20081022	NA
20081023	NA
20081024	NA
20081025	NA
20081026	NA
20081027	NA
20081028	NA
20081029	NA
20081030	NA
20081031	NA
20081101	NA
20081102	NA
20081103	NA
20081104	NA
20081105	NA
20081106	NA
20081107	NA
20081108	NA
20081109	NA
20081110	NA
20081111	NA
20081112	NA
20081113	NA
20081114	NA
20081115	NA
20081116	NA
20081117	NA
20081118	NA
20081119	NA
20081120	NA
20081121	NA
20081122	NA
20081123	NA
20081124	NA
20081125	NA
20081126	NA
20081127	NA
20081128	NA
20081129	NA
20081130	NA
20081201	NA
20081202	NA
20081203	NA
20081204	NA
20081205	NA
20081206	NA
20081207	NA
20081208	NA
20081209	NA
20081210	NA
20081211	NA
20081212	NA
20081213	NA
20081214	NA
20081215	NA
20081216	NA
20081217	NA
20081218	NA
20081219	NA
20081220	NA
20081221	NA
20081222	NA
20081223	NA
20081224	NA
20081225	NA
20081226	NA
20081227	NA
20081228	NA
20081229	NA
20081230	NA
20081231	NA
20090101	NA
20090102	NA
20090103	NA
20090104	NA
20090105	NA
20090106	NA
20090107	NA
20090108	NA
20090109	NA
20090110	NA
20090111	NA
20090112	NA
20090113	NA
20090114	21.9
20090115	NA
20090116	NA
20090117	NA
20090118	NA
20090119	NA
20090120	NA
20090121	NA
20090122	NA
20090123	NA
20090124	NA
20090125	NA
20090126	NA
20090127	NA
20090128	NA
20090129	NA
20090130	NA
20090131	NA
20090201	NA
20090202	NA
20090203	NA
20090204	NA
20090205	NA
20090206	NA
20090207	NA
20090208	NA
20090209	NA
20090210	NA
20090211	NA
20090212	NA
20090213	NA
20090214	NA
20090215	NA
20090216	NA
20090217	NA
20090218	NA
20090219	NA
20090220	NA
20090221	NA
20090222	NA
20090223	NA
20090224	NA
20090225	NA
20090226	NA
20090227	NA
20090228	NA
20090301	NA
20090302	NA
20090303	NA
20090304	NA
20090305	NA
20090306	NA
20090307	NA
20090308	NA
20090309	NA
20090310	NA
20090311	NA
20090312	NA
20090313	NA
20090314	NA
20090315	NA
20090316	NA
20090317	NA
20090318	NA
20090319	NA
20090320	NA
20090321	NA
20090322	NA
20090323	NA
20090324	NA
20090325	NA
20090326	NA
20090327	NA
20090328	NA
20090329	NA
20090330	NA
20090331	NA
20090401	NA
20090402	NA
20090403	NA
20090404	NA
20090405	NA
20090406	NA
20090407	NA
20090408	NA
20090409	NA
20090410	NA
20090411	NA
20090412	NA
20090413	NA
20090414	NA
20090415	NA
20090416	NA
20090417	NA
20090418	NA
20090419	NA
20090420	NA
20090421	NA
20090422	NA
20090423	NA
20090424	22.7333333333333
20090425	21.9
20090426	NA
20090427	NA
20090428	NA
20090429	NA
20090430	NA
20090501	NA
20090502	NA
20090503	NA
20090504	NA
20090505	NA
20090506	NA
20090507	NA
20090508	NA
20090509	NA
20090510	NA
20090511	NA
20090512	NA
20090513	NA
20090514	NA
20090515	NA
20090516	NA
20090517	NA
20090518	NA
20090519	NA
20090520	NA
20090521	NA
20090522	NA
20090523	NA
20090524	NA
20090525	NA
20090526	NA
20090527	NA
20090528	NA
20090529	NA
20090530	NA
20090531	NA
20090601	NA
20090602	NA
20090603	NA
20090604	NA
20090605	NA
20090606	NA
20090607	NA
20090608	NA
20090609	NA
20090610	NA
20090611	NA
20090612	NA
20090613	NA
20090614	NA
20090615	NA
20090616	NA
20090617	NA
20090618	NA
20090619	NA
20090620	NA
20090621	NA
20090622	NA
20090623	NA
20090624	NA
20090625	NA
20090626	NA
20090627	NA
20090628	NA
20090629	NA
20090630	NA
20090701	NA
20090702	NA
20090703	NA
20090704	NA
20090705	NA
20090706	NA
20090707	NA
20090708	NA
20090709	NA
20090710	NA
20090711	NA
20090712	NA
20090713	NA
20090714	NA
20090715	NA
20090716	NA
20090717	NA
20090718	NA
20090719	NA
20090720	NA
20090721	NA
20090722	NA
20090723	NA
20090724	NA
20090725	NA
20090726	NA
20090727	NA
20090728	NA
20090729	NA
20090730	NA
20090731	NA
20090801	NA
20090802	NA
20090803	NA
20090804	NA
20090805	NA
20090806	NA
20090807	NA
20090808	NA
20090809	NA
20090810	NA
20090811	NA
20090812	NA
20090813	NA
20090814	NA
20090815	NA
20090816	NA
20090817	NA
20090818	NA
20090819	NA
20090820	NA
20090821	NA
20090822	NA
20090823	NA
20090824	NA
20090825	NA
20090826	NA
20090827	NA
20090828	NA
20090829	NA
20090830	NA
20090831	NA
20090901	NA
20090902	NA
20090903	NA
20090904	NA
20090905	NA
20090906	NA
20090907	NA
20090908	NA
20090909	NA
20090910	NA
20090911	NA
20090912	NA
20090913	NA
20090914	NA
20090915	NA
20090916	NA
20090917	NA
20090918	NA
20090919	NA
20090920	NA
20090921	NA
20090922	NA
20090923	NA
20090924	NA
20090925	NA
20090926	NA
20090927	NA
20090928	NA
20090929	NA
20090930	NA
20091001	NA
20091002	NA
20091003	NA
20091004	NA
20091005	NA
20091006	NA
20091007	NA
20091008	NA
20091009	NA
20091010	NA
20091011	NA
20091012	NA
20091013	NA
20091014	NA
20091015	NA
20091016	NA
20091017	NA
20091018	NA
20091019	NA
20091020	20.925
20091021	22.244
20091022	22.1375
20091023	23.1833333333333
20091024	21.4708333333333
20091025	21.8458333333333
20091026	24.2125
20091027	23.8541666666667
20091028	22.9782608695652
20091029	23.108
20091030	20.6375
20091031	22.0166666666667
20091101	21.9173913043478
20091102	21.796
20091103	21.1083333333333
20091104	22.4791666666667
20091105	22.5083333333333
20091106	21.225
20091107	22.2166666666667
20091108	21.4458333333333
20091109	22.4541666666667
20091110	23.3041666666667
20091111	23.0958333333333
20091112	21.3173913043478
20091113	22.656
20091114	21.4083333333333
20091115	22.9666666666667
20091116	23.5166666666667
20091117	22.3083333333333
20091118	22.8826086956522
20091119	23.472
20091120	24.1958333333333
20091121	24.4208333333333
20091122	24.8416666666667
20091123	23.3739130434783
20091124	23.5291666666667
20091125	23.18
20091126	23.3916666666667
20091127	23.4458333333333
20091128	23.1833333333333
20091129	22.5130434782609
20091130	22.916
20091201	23.775
20091202	24.2333333333333
20091203	24.5260869565217
20091204	24.424
20091205	24.5666666666667
20091206	23.1541666666667
20091207	22.8
20091208	23.7791666666667
20091209	23.4041666666667
20091210	23.0826086956522
20091211	23.564
20091212	23.3916666666667
20091213	23.9625
20091214	24.2166666666667
20091215	24.5541666666667
20091216	24.1791666666667
20091217	23.4416666666667
20091218	22.3521739130435
20091219	21.7666666666667
20091220	21.0791666666667
20091221	22.192
20091222	22.0083333333333
20091223	21.5208333333333
20091224	22.7208333333333
20091225	22.7086956521739
20091226	22.4
20091227	22.5875
20091228	22.6541666666667
20091229	22.5260869565217
20091230	23.228
20091231	23.5208333333333
20100101	23.2130434782609
20100102	23.25
20100103	23.028
20100104	23.3833333333333
20100105	23.4583333333333
20100106	22.7958333333333
20100107	23.3041666666667
20100108	24.55
20100109	24.1125
20100110	23.2208333333333
20100111	22.5958333333333
20100112	23.1041666666667
20100113	23.6208333333333
20100114	23.2391304347826
20100115	24.384
20100116	25.8695652173913
20100117	24.944
20100118	24.6625
20100119	24.225
20100120	24.7541666666667
20100121	24.9041666666667
20100122	24.4083333333333
20100123	23.1416666666667
20100124	22.5583333333333
20100125	23.6
20100126	22.7869565217391
20100127	22.948
20100128	23.475
20100129	24.1416666666667
20100130	24.6666666666667
20100131	25.0916666666667
20100201	25.6708333333333
20100202	26.9958333333333
20100203	25.8083333333333
20100204	25.8
20100205	25.295652173913
20100206	23.3576923076923
20100207	23.5173913043478
20100208	23.596
20100209	24.2541666666667
20100210	24.0583333333333
20100211	23.2375
20100212	24.9333333333333
20100213	25.1304347826087
20100214	22.344
20100215	23.9708333333333
20100216	23.9826086956522
20100217	23.32
20100218	23.5791666666667
20100219	24.2
20100220	25.548
20100221	24.3130434782609
20100222	24.284
20100223	22.6041666666667
20100224	24.3041666666667
20100225	21.65
20100226	20.9875
20100227	24.4166666666667
20100228	24.1782608695652
20100301	24.736
20100302	24.9458333333333
20100303	21.9565217391304
20100304	23.004
20100305	23.3458333333333
20100306	23.475
20100307	23.0041666666667
20100308	22.7208333333333
20100309	24.1916666666667
20100310	24.9791666666667
20100311	22.9458333333333
20100312	24.3958333333333
20100313	24.8375
20100314	23.75
20100315	24.5416666666667
20100316	23.3708333333333
20100317	21.7333333333333
20100318	22.0291666666667
20100319	23.5666666666667
20100320	24.0130434782609
20100321	24.492
20100322	24.1125
20100323	24.3541666666667
20100324	25.05
20100325	24.8416666666667
20100326	23.4625
20100327	23.2166666666667
20100328	24.2666666666667
20100329	24.5458333333333
20100330	22.2458333333333
20100331	23.35
20100401	23.295652173913
20100402	23.684
20100403	22.6208333333333
20100404	23.1791666666667
20100405	22.8625
20100406	21.7708333333333
20100407	23.225
20100408	23.8869565217391
20100409	23.484
20100410	23.5375
20100411	22.1173913043478
20100412	22.92
20100413	22.6833333333333
20100414	21.4541666666667
20100415	22.7291666666667
20100416	23.2958333333333
20100417	24.3416666666667
20100418	24.3416666666667
20100419	21.7916666666667
20100420	23.195652173913
20100421	23.78
20100422	24.9782608695652
20100423	25.672
20100424	25.2875
20100425	24.7541666666667
20100426	22.3041666666667
20100427	23.1608695652174
20100428	22.725
20100429	23.284
20100430	23.0304347826087
20100501	23.516
20100502	22.4208333333333
20100503	22.204347826087
20100504	20.396
20100505	22.6916666666667
20100506	22.8416666666667
20100507	24.1916666666667
20100508	24.2916666666667
20100509	23.925
20100510	23.8652173913043
20100511	23.9875
20100512	24.196
20100513	23.55
20100514	24.75
20100515	25.1958333333333
20100516	24.575
20100517	23.9541666666667
20100518	24.9583333333333
20100519	23.995652173913
20100520	22.768
20100521	22.15
20100522	22.6666666666667
20100523	22.995652173913
20100524	23.184
20100525	22.9826086956522
20100526	22.588
20100527	20.5208333333333
20100528	22.8291666666667
20100529	22.6166666666667
20100530	23.3652173913043
20100531	21.48
20100601	22.9791666666667
20100602	23.4652173913043
20100603	22.612
20100604	24
20100605	24.2826086956522
20100606	24.9916666666667
20100607	23.8
20100608	22.7083333333333
20100609	22.0125
20100610	23.0291666666667
20100611	22.4166666666667
20100612	23.8291666666667
20100613	22.3708333333333
20100614	21.9458333333333
20100615	23.0416666666667
20100616	21
20100617	23.3791666666667
20100618	23.4
20100619	22.6458333333333
20100620	20.2708333333333
20100621	21.9041666666667
20100622	21.6260869565217
20100623	23.512
20100624	22.95
20100625	23.1791666666667
20100626	23.925
20100627	21.6739130434783
20100628	22.8041666666667
20100629	23.9
20100630	23.544
20100701	23.15
20100702	22.7826086956522
20100703	22.388
20100704	22.4625
20100705	21.7375
20100706	20.9416666666667
20100707	21.7208333333333
20100708	21.6434782608696
20100709	22.8
20100710	23.936
20100711	21.0130434782609
20100712	22.044
20100713	21.7291666666667
20100714	23.3416666666667
20100715	20.6782608695652
20100716	20.776
20100717	21.4666666666667
20100718	21.195652173913
20100719	23.028
20100720	23.1782608695652
20100721	21.988
20100722	22.7375
20100723	22.875
20100724	23.1375
20100725	23.7708333333333
20100726	21.8583333333333
20100727	22.0333333333333
20100728	22.2083333333333
20100729	22.1166666666667
20100730	22.8958333333333
20100731	21.4083333333333
20100801	22.0565217391304
20100802	22.496
20100803	22.4041666666667
20100804	23.0083333333333
20100805	23.6130434782609
20100806	22.284
20100807	21.7583333333333
20100808	23.2875
20100809	22.3125
20100810	23.1416666666667
20100811	23.1958333333333
20100812	22.9958333333333
20100813	21.2666666666667
20100814	21.7583333333333
20100815	23.675
20100816	23.4875
20100817	23.05
20100818	21.2458333333333
20100819	22.5041666666667
20100820	21.5208333333333
20100821	22.8583333333333
20100822	22.5913043478261
20100823	23.388
20100824	22.7291666666667
20100825	22.3583333333333
20100826	21.9458333333333
20100827	21.2291666666667
20100828	22.2913043478261
20100829	21.82
20100830	23.5173913043478
20100831	22.012
20100901	20.6173913043478
20100902	20.6916666666667
20100903	21.372
20100904	22.2666666666667
20100905	21.025
20100906	22.4304347826087
20100907	20.564
20100908	22.1869565217391
20100909	22.8833333333333
20100910	22.012
20100911	22.7083333333333
20100912	21.5125
20100913	22.1391304347826
20100914	21.712
20100915	23.004347826087
20100916	22.28
20100917	22.0826086956522
20100918	22.004
20100919	21.6375
20100920	20.9
20100921	21.2041666666667
20100922	21.7541666666667
20100923	21.975
20100924	19.5818181818182
20100925	NA
20100926	NA
20100927	NA
20100928	NA
20100929	NA
20100930	NA
20101001	NA
20101002	NA
20101003	NA
20101004	NA
20101005	NA
20101006	NA
20101007	NA
20101008	NA
20101009	NA
20101010	NA
20101011	NA
20101012	NA
20101013	NA
20101014	NA
20101015	NA
20101016	NA
20101017	NA
20101018	NA
20101019	NA
20101020	NA
20101021	NA
20101022	NA
20101023	NA
20101024	NA
20101025	NA
20101026	NA
20101027	NA
20101028	NA
20101029	NA
20101030	NA
20101031	NA
20101101	NA
20101102	NA
20101103	NA
20101104	NA
20101105	NA
20101106	NA
20101107	NA
20101108	NA
20101109	NA
20101110	NA
20101111	NA
20101112	NA
20101113	NA
20101114	NA
20101115	NA
20101116	NA
20101117	NA
20101118	NA
20101119	NA
20101120	NA
20101121	NA
20101122	NA
20101123	NA
20101124	NA
20101125	NA
20101126	NA
20101127	NA
20101128	NA
20101129	NA
20101130	NA
20101201	NA
20101202	NA
20101203	NA
20101204	NA
20101205	NA
20101206	NA
20101207	NA
20101208	NA
20101209	NA
20101210	NA
20101211	NA
20101212	NA
20101213	NA
20101214	NA
20101215	NA
20101216	NA
20101217	NA
20101218	NA
20101219	NA
20101220	NA
20101221	NA
20101222	NA
20101223	NA
20101224	NA
20101225	NA
20101226	NA
20101227	NA
20101228	NA
20101229	NA
20101230	NA
20101231	NA
20110101	NA
20110102	NA
20110103	NA
20110104	NA
20110105	NA
20110106	NA
20110107	NA
20110108	NA
20110109	NA
20110110	NA
20110111	NA
20110112	NA
20110113	NA
20110114	NA
20110115	NA
20110116	NA
20110117	NA
20110118	NA
20110119	NA
20110120	NA
20110121	NA
20110122	NA
20110123	NA
20110124	NA
20110125	NA
20110126	NA
20110127	NA
20110128	NA
20110129	NA
20110130	NA
20110131	NA
20110201	NA
20110202	NA
20110203	NA
20110204	NA
20110205	NA
20110206	NA
20110207	NA
20110208	NA
20110209	NA
20110210	NA
20110211	NA
20110212	NA
20110213	NA
20110214	NA
20110215	NA
20110216	NA
20110217	NA
20110218	NA
20110219	NA
20110220	NA
20110221	NA
20110222	NA
20110223	NA
20110224	NA
20110225	NA
20110226	NA
20110227	NA
20110228	NA
20110301	NA
20110302	NA
20110303	NA
20110304	NA
20110305	NA
20110306	NA
20110307	NA
20110308	NA
20110309	NA
20110310	NA
20110311	NA
20110312	NA
20110313	NA
20110314	NA
20110315	NA
20110316	NA
20110317	NA
20110318	NA
20110319	NA
20110320	NA
20110321	NA
20110322	NA
20110323	NA
20110324	NA
20110325	NA
20110326	NA
20110327	NA
20110328	NA
20110329	NA
20110330	NA
20110331	NA
20110401	NA
20110402	NA
20110403	NA
20110404	NA
20110405	NA
20110406	NA
20110407	NA
20110408	NA
20110409	NA
20110410	NA
20110411	NA
20110412	NA
20110413	NA
20110414	NA
20110415	NA
20110416	NA
20110417	NA
20110418	NA
20110419	NA
20110420	NA
20110421	NA
20110422	NA
20110423	NA
20110424	NA
20110425	NA
20110426	NA
20110427	NA
20110428	NA
20110429	NA
20110430	NA
20110501	NA
20110502	NA
20110503	NA
20110504	NA
20110505	NA
20110506	NA
20110507	NA
20110508	NA
20110509	NA
20110510	NA
20110511	NA
20110512	NA
20110513	NA
20110514	NA
20110515	NA
20110516	NA
20110517	NA
20110518	NA
20110519	NA
20110520	NA
20110521	NA
20110522	NA
20110523	NA
20110524	NA
20110525	NA
20110526	NA
20110527	NA
20110528	NA
20110529	NA
20110530	NA
20110531	NA
20110601	NA
20110602	NA
20110603	NA
20110604	NA
20110605	NA
20110606	NA
20110607	NA
20110608	NA
20110609	NA
20110610	NA
20110611	NA
20110612	NA
20110613	NA
20110614	NA
20110615	NA
20110616	NA
20110617	NA
20110618	NA
20110619	NA
20110620	NA
20110621	NA
20110622	NA
20110623	NA
20110624	NA
20110625	NA
20110626	NA
20110627	NA
20110628	NA
20110629	NA
20110630	NA
20110701	NA
20110702	NA
20110703	NA
20110704	NA
20110705	NA
20110706	NA
20110707	NA
20110708	NA
20110709	NA
20110710	NA
20110711	NA
20110712	NA
20110713	NA
20110714	NA
20110715	NA
20110716	NA
20110717	NA
20110718	NA
20110719	NA
20110720	NA
20110721	NA
20110722	NA
20110723	NA
20110724	NA
20110725	NA
20110726	NA
20110727	NA
20110728	NA
20110729	NA
20110730	NA
20110731	NA
20110801	NA
20110802	NA
20110803	NA
20110804	NA
20110805	NA
20110806	NA
20110807	NA
20110808	NA
20110809	NA
20110810	NA
20110811	NA
20110812	NA
20110813	NA
20110814	NA
20110815	NA
20110816	NA
20110817	NA
20110818	NA
20110819	NA
20110820	NA
20110821	NA
20110822	NA
20110823	NA
20110824	NA
20110825	NA
20110826	NA
20110827	NA
20110828	NA
20110829	NA
20110830	NA
20110831	NA
20110901	NA
20110902	NA
20110903	NA
20110904	NA
20110905	NA
20110906	NA
20110907	NA
20110908	NA
20110909	NA
20110910	NA
20110911	NA
20110912	NA
20110913	NA
20110914	NA
20110915	NA
20110916	NA
20110917	NA
20110918	NA
20110919	NA
20110920	NA
20110921	NA
20110922	NA
20110923	NA
20110924	NA
20110925	NA
20110926	NA
20110927	NA
20110928	NA
20110929	NA
20110930	NA
20111001	NA
20111002	NA
20111003	NA
20111004	NA
20111005	NA
20111006	NA
20111007	NA
20111008	NA
20111009	NA
20111010	NA
20111011	NA
20111012	NA
20111013	NA
20111014	NA
20111015	NA
20111016	NA
20111017	NA
20111018	NA
20111019	NA
20111020	NA
20111021	NA
20111022	NA
20111023	NA
20111024	20.275
20111025	20.7952380952381
20111026	21.5904761904762
20111027	22.65
20111028	20.6916666666667
20111029	21.4217391304348
20111030	19.6125
20111031	21.4217391304348
20111101	22.2916666666667
20111102	23.2041666666667
20111103	22.7782608695652
20111104	21.4238095238095
20111105	22.4818181818182
20111106	22
20111107	22.1608695652174
20111108	20.9409090909091
20111109	20.9521739130435
20111110	21.4090909090909
20111111	21.6681818181818
20111112	20.0708333333333
20111113	20.375
20111114	21.1869565217391
20111115	21.6782608695652
20111116	20.5791666666667
20111117	20.7217391304348
20111118	19.9782608695652
20111119	19.7565217391304
20111120	19.6652173913043
20111121	20.0166666666667
20111122	20.5695652173913
20111123	21.2095238095238
20111124	20.4454545454545
20111125	21.4190476190476
20111126	22.0478260869565
20111127	21.63
20111128	20.692
20111129	20.6086956521739
20111130	21.4
20111201	20.3625
20111202	20.955
20111203	20.6304347826087
20111204	20.9208333333333
20111205	19.9833333333333
20111206	21.5125
20111207	19.8611111111111
20111208	19.6458333333333
20111209	21.0458333333333
20111210	22.5260869565217
20111211	21.75
20111212	20.4565217391304
20111213	21.0772727272727
20111214	20.8166666666667
20111215	20.8565217391304
20111216	20.5217391304348
20111217	19.9272727272727
20111218	21.2391304347826
20111219	20.8208333333333
20111220	20.8714285714286
20111221	21.3666666666667
20111222	22.9791666666667
20111223	22.5947368421053
20111224	22.2952380952381
20111225	22.395
20111226	22.1761904761905
20111227	21.96
20111228	22.6391304347826
20111229	22.5391304347826
20111230	22.0608695652174
20111231	22.075
20120101	23.1521739130435
20120102	22.4652173913043
20120103	21.6347826086957
20120104	20.0363636363636
20120105	21.0695652173913
20120106	21.6
20120107	21.9681818181818
20120108	21.8173913043478
20120109	21.9
20120110	22.4285714285714
20120111	22.3086956521739
20120112	22.0909090909091
20120113	23.1478260869565
20120114	22.7428571428571
20120115	22.4545454545455
20120116	22.3913043478261
20120117	21.5733333333333
20120118	21.5708333333333
20120119	21.35
20120120	21.3809523809524
20120121	22.2608695652174
20120122	21.4631578947368
20120123	22.5578947368421
20120124	21.404
20120125	21.45
20120126	21.545
20120127	21.9954545454545
20120128	21.8909090909091
20120129	22.22
20120130	22.3681818181818
20120131	22.0818181818182
20120201	22.5
20120202	23.025
20120203	22.8571428571429
20120204	22.9227272727273
20120205	22.7
20120206	20.8058823529412
20120207	22.4090909090909
20120208	21.1571428571429
20120209	22.28
20120210	22.3473684210526
20120211	22.1285714285714
20120212	21.7833333333333
20120213	21.9263157894737
20120214	22.6777777777778
20120215	21.5888888888889
20120216	22.4217391304348
20120217	22.7421052631579
20120218	23.0777777777778
20120219	22.4086956521739
20120220	22.6772727272727
20120221	22.715
20120222	22.8125
20120223	23.1058823529412
20120224	23.9636363636364
20120225	22.7590909090909
20120226	22.3818181818182
20120227	23.7173913043478
20120228	23.2761904761905
20120229	22.9909090909091
20120301	23.3708333333333
20120302	24.34
20120303	24.9
20120304	24.2739130434783
20120305	21.8666666666667
20120306	22.4636363636364
20120307	23.6772727272727
20120308	23.5142857142857
20120309	22.6
20120310	21.7260869565217
20120311	22.1347826086957
20120312	24.5
20120313	22.9041666666667
20120314	23.3391304347826
20120315	24.3875
20120316	22.7090909090909
20120317	22.0347826086957
20120318	22.75
20120319	20.6666666666667
20120320	21.4260869565217
20120321	21.9863636363636
20120322	20.3958333333333
20120323	22.9391304347826
20120324	22.65
20120325	21.4478260869565
20120326	19.9571428571429
20120327	22.256
20120328	23.3095238095238
20120329	23.6652173913043
20120330	22.4941176470588
20120331	23.5727272727273
20120401	22.8
20120402	23.095652173913
20120403	22.9375
20120404	21.9681818181818
20120405	22.0583333333333
20120406	21.1047619047619
20120407	21.6833333333333
20120408	20.4
20120409	20.25
20120410	21.4875
20120411	21.1347826086957
20120412	19.685
20120413	20.7714285714286
20120414	20.09375
20120415	21.9190476190476
20120416	22.6782608695652
20120417	21.3318181818182
20120418	21.2833333333333
20120419	20.8681818181818
20120420	22.6375
20120421	21.5375
20120422	21.7190476190476
20120423	21.8681818181818
20120424	21.33
20120425	22.495652173913
20120426	23.015
20120427	22.3375
20120428	21.4916666666667
20120429	22.4333333333333
20120430	22.0478260869565
20120501	21.9041666666667
20120502	21.4863636363636
20120503	22.9285714285714
20120504	22.3666666666667
20120505	21.4454545454545
20120506	21.3833333333333
20120507	20.9875
20120508	21.8
20120509	21.54
20120510	22.7869565217391
20120511	21.6727272727273
20120512	22.348
20120513	22.3875
20120514	22.2782608695652
20120515	22.8789473684211
20120516	23.928
20120517	22.7041666666667
20120518	22.5772727272727
20120519	21.7611111111111
20120520	21.2529411764706
20120521	22.0692307692308
20120522	22.4
20120523	22.7866666666667
20120524	22.9857142857143
20120525	23.365
20120526	22.5466666666667
20120527	23.6421052631579
20120528	23.77
20120529	24.445
20120530	23.5647058823529
20120531	23.1142857142857
20120601	24.435
20120602	23.39
20120603	23.1666666666667
20120604	23.9
20120605	24.1
20120606	24.5526315789474
20120607	25.105
20120608	24.16
20120609	24.1227272727273
20120610	24.1
20120611	22.95
20120612	22.7388888888889
20120613	21.9666666666667
20120614	22.9416666666667
20120615	23.175
20120616	20.2666666666667
20120617	22.7565217391304
20120618	23.0238095238095
20120619	24.3157894736842
20120620	23.985
20120621	22.3833333333333
20120622	23.3952380952381
20120623	23.4791666666667
20120624	22.6347826086957
20120625	22.4333333333333
20120626	21.4791666666667
20120627	22.1083333333333
20120628	23.8652173913043
20120629	22.6166666666667
20120630	21.7166666666667
20120701	21.9916666666667
20120702	23.7391304347826
20120703	23.8086956521739
20120704	22.55
20120705	22.5083333333333
20120706	21.7304347826087
20120707	23.1
20120708	24.7347826086957
20120709	24.0136363636364
20120710	23.0888888888889
20120711	23.2
20120712	22.3625
20120713	21.4434782608696
20120714	21.6434782608696
20120715	22.1090909090909
20120716	22.9409090909091
20120717	22.7857142857143
20120718	24.5222222222222
20120719	23.695652173913
20120720	23.672
20120721	22.7625
20120722	24.0375
20120723	24.2434782608696
20120724	23.9125
20120725	24.275
20120726	24.375
20120727	25.2272727272727
20120728	23.99
20120729	22.695652173913
20120730	22.2
20120731	21.3857142857143
20120801	23.2772727272727
20120802	21.8363636363636
20120803	22.5454545454545
20120804	23.0695652173913
20120805	22.0695652173913
20120806	21.9869565217391
20120807	23.2458333333333
20120808	23.0625
20120809	22.5833333333333
20120810	23.8869565217391
20120811	22.7739130434783
20120812	22.3208333333333
20120813	22.4916666666667
20120814	20.7130434782609
20120815	22.7608695652174
20120816	23.3782608695652
20120817	22.1608695652174
20120818	21.9708333333333
20120819	23.4375
20120820	22.425
20120821	21.6823529411765
20120822	22.8833333333333
20120823	21.825
20120824	22.3222222222222
20120825	22.6090909090909
20120826	23.19
20120827	23.4444444444444
20120828	24.715
20120829	24.3416666666667
20120830	23.185
20120831	22.55
20120901	23.4772727272727
20120902	23.6695652173913
20120903	22.8041666666667
20120904	22.6857142857143
20120905	22.6666666666667
20120906	23.5882352941176
20120907	24.19
20120908	23.6125
20120909	23.6315789473684
20120910	24.2347826086957
20120911	23.0826086956522
20120912	22.1764705882353
20120913	22.8347826086957
20120914	23.9681818181818
20120915	24.2391304347826
20120916	24.1304347826087
20120917	22.5347826086957
20120918	21.705
20120919	21.8380952380952
20120920	23.2363636363636
20120921	22.2739130434783
20120922	22.025
20120923	21.8944444444444
20120924	22.247619047619
20120925	20.5227272727273
20120926	23.0818181818182
20120927	21.9272727272727
20120928	23.4142857142857
20120929	22.9363636363636
20120930	24.6545454545455
20121001	22.8166666666667
20121002	21.745
20121003	23.7294117647059
20121004	23.2545454545455
20121005	21.82
20121006	20.7071428571429
20121007	21.6052631578947
20121008	21.7789473684211
20121009	23.1863636363636
20121010	21.1304347826087
20121011	22.1318181818182
20121012	22.1227272727273
20121013	21.0363636363636
20121014	22.1181818181818
20121015	21.7727272727273
20121016	21.3222222222222
20121017	21.9545454545455
20121018	20.4529411764706
20121019	21.0111111111111
20121020	22.5411764705882
20121021	22.2333333333333
20121022	21.4833333333333
20121023	22.2739130434783
20121024	21.4090909090909
20121025	21.7263157894737
20121026	22.05
20121027	22.8421052631579
20121028	23.1428571428571
20121029	23.2
20121030	21.6478260869565
20121031	21.7681818181818
20121101	22.1478260869565
20121102	22.8608695652174
20121103	22.36
20121104	22.26
20121105	21.7941176470588
20121106	23.1947368421053
20121107	22.6923076923077
20121108	22.5833333333333
20121109	23.1117647058824
20121110	23.0846153846154
20121111	22.4391304347826
20121112	20.9473684210526
20121113	22.23
20121114	23.0285714285714
20121115	21.7076923076923
20121116	20.4294117647059
20121117	21.57
20121118	20.7578947368421
20121119	21.75
20121120	22.47
20121121	23.0666666666667
20121122	21.3947368421053
20121123	21.7071428571429
20121124	22.4117647058824
20121125	24.6230769230769
20121126	23.1222222222222
20121127	22.675
20121128	22.4909090909091
20121129	21.5933333333333
20121130	21.5285714285714
20121201	21.6958333333333
20121202	21.6666666666667
20121203	21.6954545454545
20121204	21.5117647058824
20121205	21.4882352941176
20121206	21.805
20121207	21.96
20121208	22.7842105263158
20121209	23.4789473684211
20121210	24.305
20121211	23.6368421052632
20121212	22.4714285714286
20121213	22.0736842105263
20121214	NA
20121215	21.1888888888889
20121216	21.4
20121217	21.8736842105263
20121218	21.1136363636364
20121219	22.5
20121220	22.5733333333333
20121221	22.375
20121222	22.1705882352941
20121223	21.6388888888889
20121224	22.665
20121225	23.3615384615385
20121226	22.2529411764706
20121227	23.1142857142857
20121228	23.895
20121229	24.2266666666667
20121230	22.2428571428571
20121231	23.73125
20130101	23.3411764705882
20130102	23.18
20130103	23.2
20130104	24.7
20130105	23.9555555555556
20130106	24.2222222222222
20130107	24.6052631578947
20130108	24.6285714285714
20130109	25.5266666666667
20130110	25.375
20130111	24.5272727272727
20130112	23.7266666666667
20130113	22.6681818181818
20130114	22.2857142857143
20130115	24.4
20130116	23.25
20130117	23.0095238095238
20130118	22.5
20130119	23.0588235294118
20130120	23.4
20130121	23.6125
20130122	23.1
20130123	22.8
20130124	21.9421052631579
20130125	21.5388888888889
20130126	21.34375
20130127	23.3142857142857
20130128	24.1842105263158
20130129	24.1
20130130	24.22
20130131	23.4047619047619
20130201	21.0736842105263
20130202	21.52
20130203	23.7266666666667
20130204	22.4
20130205	21.7105263157895
20130206	21.6478260869565
20130207	22.195652173913
20130208	22.1333333333333
20130209	21.225
20130210	21.455
20130211	22.3739130434783
20130212	22.8083333333333
20130213	23.195
20130214	23.352
20130215	22.4625
20130216	23.6958333333333
20130217	20.9083333333333
20130218	21.2086956521739
20130219	24.1291666666667
20130220	22.6208333333333
20130221	24.0791666666667
20130222	23.2875
20130223	24.2416666666667
20130224	23.1708333333333
20130225	23.2666666666667
20130226	24.2391304347826
20130227	23.272
20130228	22.2458333333333
20130301	22.2916666666667
20130302	23.7958333333333
20130303	22.3541666666667
20130304	21.6708333333333
20130305	23.2791666666667
20130306	23.5416666666667
20130307	22.7083333333333
20130308	23.3416666666667
20130309	24.6521739130435
20130310	23.525
20130311	24.504347826087
20130312	22.4
20130313	22.9347826086957
20130314	22.2181818181818
20130315	20.8
20130316	22.6826086956522
20130317	22.5347826086957
20130318	22.6045454545455
20130319	22.788
20130320	22.1291666666667
20130321	21.5541666666667
20130322	20.9875
20130323	21.6875
20130324	23.6260869565217
20130325	22.916
20130326	23.6583333333333
20130327	23.4875
20130328	22.7782608695652
20130329	23.0916666666667
20130330	23.7333333333333
20130331	24.4916666666667
20130401	25.3958333333333
20130402	22.9833333333333
20130403	22.7130434782609
20130404	23.976
20130405	23.3565217391304
20130406	23.4958333333333
20130407	23.1708333333333
20130408	23.1
20130409	24.4541666666667
20130410	23.2208333333333
20130411	24.0416666666667
20130412	24.2
20130413	23.4133333333333
20130414	23.7478260869565
20130415	23.56
20130416	24.25
20130417	22.9260869565217
20130418	22.284
20130419	21.2652173913043
20130420	22.572
20130421	20.8125
20130422	22.5434782608696
20130423	22.508
20130424	22.8416666666667
20130425	22.8217391304348
20130426	22.388
20130427	22.1916666666667
20130428	21.3291666666667
20130429	21.2791666666667
20130430	23.3909090909091
20130501	22.056
20130502	22.4625
20130503	21.35
20130504	22.9739130434783
20130505	21.0041666666667
20130506	20.7958333333333
20130507	20.4173913043478
20130508	22.4260869565217
20130509	23.8923076923077
20130510	21.5625
20130511	22.8833333333333
20130512	23.7208333333333
20130513	23.5478260869565
20130514	22.776
20130515	22.7333333333333
20130516	22.6458333333333
20130517	21.1
20130518	22.6347826086957
20130519	22.812
20130520	22.6666666666667
20130521	21.2541666666667
20130522	21.325
20130523	21.4125
20130524	22.0041666666667
20130525	23.0333333333333
20130526	22.1666666666667
20130527	22.4608695652174
20130528	22.156
20130529	21.7
20130530	22.1416666666667
20130531	20.6291666666667
20130601	21.095
20130602	23.1666666666667
20130603	23.2041666666667
20130604	24.2391304347826
20130605	22.8916666666667
20130606	22.4708333333333
20130607	23.1708333333333
20130608	23.8913043478261
20130609	24.0458333333333
20130610	24.0173913043478
20130611	22.45
20130612	22.05
20130613	22.925
20130614	22.8541666666667
20130615	22.4
20130616	24.0041666666667
20130617	23.2652173913043
20130618	23.992
20130619	22.4739130434783
20130620	23.1958333333333
20130621	23.4458333333333
20130622	23.876
20130623	24.3875
20130624	22.7208333333333
20130625	21.6166666666667
20130626	22.8875
20130627	23.575
20130628	21.3625
20130629	21.8
20130630	20.7458333333333
20130701	20.7208333333333
20130702	22.8958333333333
20130703	23.1541666666667
20130704	22.7458333333333
20130705	21.7826086956522
20130706	23.136
20130707	23.5304347826087
20130708	23.3041666666667
20130709	22.872
20130710	22.7869565217391
20130711	22.3333333333333
20130712	22.9
20130713	23.1
20130714	23.6791666666667
20130715	22.7652173913043
20130716	23.3652173913043
20130717	24.452
20130718	23.5208333333333
20130719	22.304347826087
20130720	22.364
20130721	23.8333333333333
20130722	22.8833333333333
20130723	22.795652173913
20130724	24.6083333333333
20130725	24.5833333333333
20130726	24.1166666666667
20130727	23.1916666666667
20130728	24.4
20130729	23.7541666666667
20130730	22.936
20130731	23.4333333333333
20130801	22.2608695652174
20130802	22.3125
20130803	23.3217391304348
20130804	24.1125
20130805	24.1791666666667
20130806	24.425
20130807	22.5521739130435
20130808	21.992
20130809	21.5333333333333
20130810	21.5083333333333
20130811	21.4458333333333
20130812	20.9791666666667
20130813	21.7625
20130814	23.3652173913043
20130815	23.8958333333333
20130816	22.8458333333333
20130817	22.1
20130818	22.7272727272727
20130819	22.388
20130820	21.9958333333333
20130821	22.7625
20130822	23.2478260869565
20130823	22.684
20130824	22
20130825	21.8208333333333
20130826	22.2
20130827	21.5695652173913
20130828	23.3041666666667
20130829	22.636
20130830	21.8478260869565
20130831	23.228
20130901	21.8041666666667
20130902	22.147619047619
20130903	NA
20130904	21.4333333333333
20130905	23.025
20130906	21.5583333333333
20130907	22.0304347826087
20130908	21.892
20130909	22.0375
20130910	21.9958333333333
20130911	21.904347826087
20130912	22.3125
20130913	20.8958333333333
20130914	22.924
20130915	23.2652173913043
20130916	24.3826086956522
20130917	22.7041666666667
20130918	22.14
20130919	22.4428571428571
20130920	22.7909090909091
20130921	24.2541666666667
20130922	23.9142857142857
20130923	24.1608695652174
20130924	24.475
20130925	24.1681818181818
20130926	22.4434782608696
20130927	22.4608695652174
20130928	21.5913043478261
20130929	21.8458333333333
20130930	21.9375
20131001	21.05
20131002	22.6041666666667
20131003	23.5125
20131004	20.5333333333333
20131005	22.8090909090909
20131006	22.9708333333333
20131007	23.1
20131008	23.2695652173913
20131009	23.7583333333333
20131010	22.7458333333333
20131011	21.2434782608696
20131012	22.2291666666667
20131013	21.3130434782609
20131014	20.5173913043478
20131015	21.8363636363636
20131016	20.2636363636364
20131017	21.425
20131018	22.5173913043478
20131019	23.2391304347826
20131020	22.4666666666667
20131021	21.1521739130435
20131022	20.825
20131023	22.3714285714286
20131024	22.704347826087
20131025	23.2130434782609
20131026	22.7916666666667
20131027	22.104347826087
20131028	22.0083333333333
20131029	22.2333333333333
20131030	21.9375
20131031	20.6666666666667
20131101	21.9541666666667
20131102	21.5739130434783
20131103	21.536
20131104	20.9304347826087
20131105	20.128
20131106	21.6739130434783
20131107	20.0708333333333
20131108	20.9
20131109	21.8954545454545
20131110	21.1583333333333
20131111	22.5454545454545
20131112	23.1173913043478
20131113	23.16
20131114	22.4909090909091
20131115	23.1916666666667
20131116	23.6
20131117	23.4541666666667
20131118	22.1347826086957
20131119	21.644
20131120	21.9086956521739
20131121	21.5833333333333
20131122	21.18
20131123	22.2227272727273
20131124	21.068
20131125	20.1333333333333
20131126	21.5458333333333
20131127	21.1666666666667
20131128	20.3333333333333
20131129	21.3583333333333
20131130	21.4541666666667
20131201	21.3125
20131202	20.7086956521739
20131203	20.592
20131204	20.9166666666667
20131205	22.6125
20131206	23.1739130434783
20131207	21.5916666666667
20131208	20.5083333333333
20131209	20.4636363636364
20131210	21.75
20131211	22.8541666666667
20131212	22.9208333333333
20131213	21.8333333333333
20131214	23.1791666666667
20131215	22.6541666666667
20131216	22.5083333333333
20131217	22.0130434782609
20131218	21.6625
20131219	21.4041666666667
20131220	21.3541666666667
20131221	22.2166666666667
20131222	21.9708333333333
20131223	21.2375
20131224	20.9791666666667
20131225	21.2791666666667
20131226	21.4227272727273
20131227	22.448
20131228	23.3708333333333
20131229	24.1291666666667
20131230	23.6875
20131231	337.986206896552
20140101	23.104347826087
20140102	23.1083333333333
20140103	22.8565217391304
20140104	22.875
20140105	23.8875
20140106	21.5625
20140107	21.3833333333333
20140108	21.6916666666667
20140109	21.495652173913
20140110	22.2541666666667
20140111	22.8727272727273
20140112	22.6416666666667
20140113	22.5
20140114	23.208
20140115	23.1521739130435
20140116	22.8958333333333
20140117	22.8208333333333
20140118	22.7652173913043
20140119	22.7608695652174
20140120	22.7458333333333
20140121	22.7869565217391
20140122	21.8260869565217
20140123	21.1333333333333
20140124	22.6904761904762
20140125	22.9583333333333
20140126	21.804347826087
20140127	21.2695652173913
20140128	22.86
20140129	22.9173913043478
20140130	22.2818181818182
20140131	21.9826086956522
20140201	23.1166666666667
20140202	23.7190476190476
20140203	21.8541666666667
20140204	22.5791666666667
20140205	22.6636363636364
20140206	22.525
20140207	22.7217391304348
20140208	23.276
20140209	23.6958333333333
20140210	22.4173913043478
20140211	22.8916666666667
20140212	23.7
20140213	22.4041666666667
20140214	22.3
20140215	22.8375
20140216	22.8833333333333
20140217	22.3583333333333
20140218	22.4684210526316
20140219	22.7095238095238
20140220	22.0590909090909
20140221	22.7863636363636
20140222	22.1333333333333
20140223	22.78125
20140224	22.38
20140225	21.9461538461538
20140226	22.8
20140227	22
20140228	20.5625
20140301	21.0125
20140302	21.2705882352941
20140303	21.3681818181818
20140304	22.4
20140305	23.8
20140306	22.195
20140307	21.72
20140308	20.8571428571429
20140309	21.252380952381
20140310	21.2391304347826
20140311	21.9958333333333
20140312	22.6647058823529
20140313	21.9681818181818
20140314	21.9315789473684
20140315	22.3958333333333
20140316	22.304347826087
20140317	23.4208333333333
20140318	22.6125
20140319	23.5666666666667
20140320	24.05
20140321	NA
20140322	23.3375
20140323	23.0826086956522
20140324	21.8181818181818
20140325	22.27
20140326	22.1090909090909
20140327	23.5083333333333
20140328	24.4823529411765
20140329	24.875
20140330	23.4333333333333
20140331	22.40625
20140401	23.2
20140402	24.3363636363636
20140403	23.475
20140404	23.99
20140405	23.63125
20140406	24.5555555555556
20140407	23.3555555555556
20140408	23.8166666666667
20140409	23.2315789473684
20140410	23.5647058823529
20140411	25.12
20140412	24.6454545454545
20140413	23.695
20140414	23.5105263157895
20140415	22.1277777777778
20140416	22.1363636363636
20140417	21.4052631578947
20140418	23.6375
20140419	22.3208333333333
20140420	23.2772727272727
20140421	22.7947368421053
20140422	21.3416666666667
20140423	23.295652173913
20140424	21.1958333333333
20140425	23.0166666666667
20140426	22.5958333333333
20140427	22.6
20140428	23.8
20140429	23.5782608695652
20140430	22.7619047619048
20140501	22.85
20140502	22.3916666666667
20140503	22.45
20140504	22.6125
20140505	23.1913043478261
20140506	23.2
20140507	21.7772727272727
20140508	21.876
20140509	20.65
20140510	21.325
20140511	21.5875
20140512	22.5333333333333
20140513	22.8391304347826
20140514	23.5208333333333
20140515	21.6083333333333
20140516	21.9772727272727
20140517	22.1772727272727
20140518	22.2166666666667
20140519	22.6333333333333
20140520	22.6583333333333
20140521	22.2409090909091
20140522	22.6823529411765
20140523	22.2636363636364
20140524	22.5818181818182
20140525	24.0916666666667
20140526	24.2058823529412
20140527	22.2153846153846
20140528	23.2
20140529	22.1708333333333
20140530	21.9454545454545
20140531	23.36
20140601	23.7208333333333
20140602	22.6125
20140603	22.55
20140604	23.6227272727273
20140605	23.195652173913
20140606	23.4
20140607	23.375
20140608	22.5705882352941
20140609	22.4333333333333
20140610	23.6904761904762
20140611	23.695
20140612	24.8571428571429
20140613	24.7315789473684
20140614	23.05
20140615	23.075
20140616	24.8933333333333
20140617	24.6947368421053
20140618	24.9111111111111
20140619	23.2214285714286
20140620	23.4058823529412
20140621	24.1533333333333
20140622	24.825
20140623	24.70625
20140624	22.4375
20140625	21.3722222222222
20140626	23.3
20140627	23.7111111111111
20140628	22.9428571428571
20140629	24.2526315789474
20140630	24.02
20140701	22.35
