Date	Value
20051015	6.7
20051016	1.2
20051017	1.2
20051018	0
20051019	NA
20051020	NA
20051021	NA
20051022	NA
20051023	NA
20051024	NA
20051025	NA
20051026	NA
20051027	NA
20051028	13.6
20051029	13.4
20051030	NA
20051031	0.2
20051101	NA
20051102	NA
20051103	NA
20051104	56.5
20051105	0.1
20051106	0.3
20051107	0
20051108	NA
20051109	NA
20051110	NA
20051111	NA
20051112	NA
20051113	NA
20051114	NA
20051115	NA
20051116	NA
20051117	NA
20051118	NA
20051119	NA
20051120	2.6
20051121	0
20051122	0
20051123	2.3
20051124	0.6
20051125	NA
20051126	NA
20051127	NA
20051128	NA
20051129	NA
20051130	NA
20051201	0
20051202	0
20051203	0
20051204	0
20051205	0
20051206	0
20051207	0
20051208	0
20051209	0
20051210	0
20051211	42.6
20051212	0.1
20051213	0
20051214	0
20051215	NA
20051216	NA
20051217	NA
20051218	0
20051219	0
20051220	NA
20051221	0
20051222	0
20051223	0
20051224	0
20051225	0
20051226	NA
20051227	0
20051228	NA
20051229	NA
20051230	0
20051231	NA
20060101	NA
20060102	NA
20060103	0
20060104	0
20060105	0
20060106	NA
20060107	0
20060108	0
20060109	0
20060110	0
20060111	NA
20060112	0
20060113	0
20060114	0
20060115	0
20060116	0
20060117	NA
20060118	NA
20060119	NA
20060120	NA
20060121	0
20060122	0
20060123	0
20060124	0
20060125	0
20060126	5.6
20060127	0.1
20060128	35
20060129	36.8
20060130	NA
20060131	0
20060201	0
20060202	NA
20060203	0
20060204	NA
20060205	0
20060206	NA
20060207	NA
20060208	NA
20060209	NA
20060210	NA
20060211	0
20060212	0
20060213	0
20060214	0
20060215	0
20060216	0
20060217	0
20060218	0
20060219	0
20060220	0
20060221	NA
20060222	0
20060223	0
20060224	0
20060225	0
20060226	0
20060227	NA
20060228	0
20060301	0
20060302	NA
20060303	0
20060304	0
20060305	0
20060306	33.1
20060307	1.1
20060308	NA
20060309	1.8
20060310	NA
20060311	0
20060312	0
20060313	0
20060314	0
20060315	0
20060316	14.7
20060317	2.2
20060318	0
20060319	0
20060320	82.8
20060321	NA
20060322	NA
20060323	1.3
20060324	0
20060325	0
20060326	27.2
20060327	14.1
20060328	NA
20060329	0
20060330	0
20060331	0
20060401	NA
20060402	NA
20060403	NA
20060404	NA
20060405	NA
20060406	NA
20060407	NA
20060408	NA
20060409	NA
20060410	0
20060411	NA
20060412	0
20060413	5.4
20060414	0.6
20060415	2
20060416	NA
20060417	23.6
20060418	0.1
20060419	NA
20060420	NA
20060421	0
20060422	0
20060423	5.9
20060424	0
20060425	0
20060426	47.6
20060427	NA
20060428	9.5
20060429	0
20060430	0.1
20060501	0.5
20060502	9.8
20060503	0.9
20060504	0.2
20060505	10.2
20060506	14.4
20060507	4.1
20060508	53.3
20060509	30.5
20060510	0
20060511	0
20060512	0
20060513	0
20060514	0.1
20060515	0
20060516	NA
20060517	NA
20060518	NA
20060519	95.3
20060520	NA
20060521	NA
20060522	NA
20060523	NA
20060524	NA
20060525	0.1
20060526	36.8
20060527	0.7
20060528	0.3
20060529	20.6
20060530	4.5
20060531	1.8
20060601	10.1
20060602	5.4
20060603	NA
20060604	0
20060605	9.1
20060606	0.4
20060607	20.6
20060608	37.4
20060609	0
20060610	39.4
20060611	0.8
20060612	NA
20060613	NA
20060614	NA
20060615	NA
20060616	NA
20060617	NA
20060618	NA
20060619	1.2
20060620	0.1
20060621	24
20060622	0.4
20060623	0.1
20060624	0
20060625	6
20060626	0.3
20060627	12
20060628	32.5
20060629	15.1
20060630	0.1
20060701	0
20060702	0
20060703	18.4
20060704	1.9
20060705	NA
20060706	17.5
20060707	29.4
20060708	NA
20060709	22.1
20060710	28.1
20060711	0.1
20060712	NA
20060713	NA
20060714	NA
20060715	NA
20060716	NA
20060717	NA
20060718	0.4
20060719	NA
20060720	NA
20060721	NA
20060722	38
20060723	0.1
20060724	34.7
20060725	12.8
20060726	0.2
20060727	NA
20060728	23.2
20060729	0.1
20060730	NA
20060731	0
20060801	56.8
20060802	0.1
20060803	NA
20060804	1.5
20060805	0
20060806	NA
20060807	NA
20060808	NA
20060809	0
20060810	0
20060811	NA
20060812	0.2
20060813	0.1
20060814	0
20060815	104.5
20060816	10.5
20060817	NA
20060818	0.1
20060819	0.3
20060820	4.9
20060821	0.6
20060822	0.7
20060823	0.1
20060824	19.5
20060825	0.2
20060826	0.3
20060827	0
20060828	1.8
20060829	4.5
20060830	17.8
20060831	0.6
20060901	NA
20060902	0
20060903	0
20060904	19
20060905	0.3
20060906	0.1
20060907	0
20060908	0
20060909	0
20060910	NA
20060911	25.2
20060912	7.6
20060913	0
20060914	NA
20060915	0
20060916	NA
20060917	NA
20060918	NA
20060919	NA
20060920	NA
20060921	NA
20060922	NA
20060923	NA
20060924	55.6
20060925	2.2
20060926	NA
20060927	NA
20060928	0.1
20060929	NA
20060930	NA
20061001	NA
20061002	NA
20061003	1.7
20061004	17
20061005	NA
20061006	0.1
20061007	NA
20061008	28.5
20061009	7.3
20061010	NA
20061011	NA
20061012	0
20061013	NA
20061014	NA
20061015	0
20061016	NA
20061017	NA
20061018	0.1
20061019	0.4
20061020	9.2
20061021	NA
20061022	0
20061023	NA
20061024	NA
20061025	NA
20061026	0.8
20061027	NA
20061028	0
20061029	0.1
20061030	NA
20061031	0
20061101	0
20061102	NA
20061103	0
20061104	NA
20061105	NA
20061106	NA
20061107	0.4
20061108	0
20061109	NA
20061110	NA
20061111	NA
20061112	NA
20061113	NA
20061114	44.4
20061115	NA
20061116	0
20061117	11.3
20061118	NA
20061119	NA
20061120	NA
20061121	NA
20061122	NA
20061123	0.1
20061124	0
20061125	NA
20061126	NA
20061127	NA
20061128	NA
20061129	NA
20061130	NA
20061201	0
20061202	NA
20061203	0
20061204	0
20061205	0
20061206	NA
20061207	NA
20061208	NA
20061209	NA
20061210	0
20061211	0.4
20061212	0
20061213	NA
20061214	NA
20061215	NA
20061216	NA
20061217	NA
20061218	NA
20061219	NA
20061220	NA
20061221	NA
20061222	0
20061223	4.4
20061224	0
20061225	0
20061226	0
20061227	0
20061228	0
20061229	0
20061230	0
20061231	0
20070101	0
20070102	0
20070103	NA
20070104	0
20070105	NA
20070106	NA
20070107	0
20070108	NA
20070109	NA
20070110	0
20070111	0
20070112	0
20070113	0
20070114	0
20070115	0
20070116	NA
20070117	0
20070118	0
20070119	0
20070120	NA
20070121	NA
20070122	0
20070123	0
20070124	0
20070125	0
20070126	0
20070127	0
20070128	0
20070129	0
20070130	0
20070131	0
20070201	0
20070202	0
20070203	0
20070204	0
20070205	0
20070206	NA
20070207	0
20070208	NA
20070209	0
20070210	0
20070211	0
20070212	0
20070213	0
20070214	0
20070215	0
20070216	0
20070217	0
20070218	0
20070219	0
20070220	NA
20070221	0
20070222	0
20070223	NA
20070224	0
20070225	21.9
20070226	0
20070227	0
20070228	0
20070301	0
20070302	NA
20070303	0
20070304	0
20070305	0
20070306	0
20070307	0
20070308	0
20070309	NA
20070310	NA
20070311	0
20070312	0
20070313	NA
20070314	NA
20070315	NA
20070316	0
20070317	NA
20070318	NA
20070319	NA
20070320	NA
20070321	0
20070322	NA
20070323	NA
20070324	3.1
20070325	9.2
20070326	0.1
20070327	0
20070328	0.2
20070329	NA
20070330	NA
20070331	5.8
20070401	16.2
20070402	18.3
20070403	57.4
20070404	NA
20070405	NA
20070406	NA
20070407	NA
20070408	NA
20070409	NA
20070410	NA
20070411	NA
20070412	NA
20070413	NA
20070414	NA
20070415	NA
20070416	NA
20070417	NA
20070418	NA
20070419	NA
20070420	NA
20070421	NA
20070422	NA
20070423	NA
20070424	NA
20070425	NA
20070426	NA
20070427	NA
20070428	NA
20070429	NA
20070430	NA
20070501	NA
20070502	NA
20070503	NA
20070504	NA
20070505	NA
20070506	NA
20070507	NA
20070508	NA
20070509	NA
20070510	NA
20070511	NA
20070512	NA
20070513	NA
20070514	NA
20070515	NA
20070516	NA
20070517	NA
20070518	NA
20070519	NA
20070520	NA
20070521	NA
20070522	NA
20070523	NA
20070524	NA
20070525	NA
20070526	NA
20070527	NA
20070528	NA
20070529	NA
20070530	NA
20070531	NA
20070601	NA
20070602	NA
20070603	NA
20070604	NA
20070605	NA
20070606	NA
20070607	NA
20070608	NA
20070609	NA
20070610	NA
20070611	NA
20070612	NA
20070613	NA
20070614	NA
20070615	NA
20070616	NA
20070617	NA
20070618	NA
20070619	NA
20070620	NA
20070621	NA
20070622	NA
20070623	NA
20070624	NA
20070625	NA
20070626	NA
20070627	NA
20070628	NA
20070629	NA
20070630	NA
20070701	NA
20070702	NA
20070703	NA
20070704	NA
20070705	NA
20070706	NA
20070707	NA
20070708	NA
20070709	NA
20070710	NA
20070711	NA
20070712	NA
20070713	NA
20070714	NA
20070715	NA
20070716	NA
20070717	NA
20070718	NA
20070719	NA
20070720	NA
20070721	NA
20070722	NA
20070723	NA
20070724	NA
20070725	NA
20070726	NA
20070727	NA
20070728	NA
20070729	NA
20070730	NA
20070731	NA
20070801	NA
20070802	NA
20070803	NA
20070804	NA
20070805	NA
20070806	NA
20070807	NA
20070808	NA
20070809	NA
20070810	NA
20070811	NA
20070812	NA
20070813	NA
20070814	NA
20070815	NA
20070816	NA
20070817	NA
20070818	NA
20070819	NA
20070820	NA
20070821	NA
20070822	NA
20070823	NA
20070824	NA
20070825	NA
20070826	NA
20070827	NA
20070828	NA
20070829	NA
20070830	NA
20070831	NA
20070901	NA
20070902	NA
20070903	NA
20070904	NA
20070905	NA
20070906	NA
20070907	NA
20070908	NA
20070909	NA
20070910	NA
20070911	NA
20070912	NA
20070913	NA
20070914	NA
20070915	NA
20070916	NA
20070917	NA
20070918	NA
20070919	NA
20070920	NA
20070921	NA
20070922	NA
20070923	NA
20070924	NA
20070925	NA
20070926	NA
20070927	NA
20070928	NA
20070929	NA
20070930	NA
20071001	NA
20071002	NA
20071003	NA
20071004	NA
20071005	NA
20071006	NA
20071007	NA
20071008	NA
20071009	NA
20071010	NA
20071011	NA
20071012	NA
20071013	NA
20071014	NA
20071015	NA
20071016	NA
20071017	NA
20071018	NA
20071019	NA
20071020	NA
20071021	NA
20071022	NA
20071023	NA
20071024	NA
20071025	NA
20071026	NA
20071027	NA
20071028	NA
20071029	NA
20071030	NA
20071031	NA
20071101	NA
20071102	NA
20071103	NA
20071104	NA
20071105	NA
20071106	NA
20071107	NA
20071108	NA
20071109	NA
20071110	NA
20071111	NA
20071112	NA
20071113	NA
20071114	NA
20071115	NA
20071116	NA
20071117	NA
20071118	NA
20071119	NA
20071120	NA
20071121	NA
20071122	NA
20071123	NA
20071124	NA
20071125	NA
20071126	NA
20071127	NA
20071128	NA
20071129	NA
20071130	NA
20071201	NA
20071202	NA
20071203	NA
20071204	NA
20071205	NA
20071206	NA
20071207	NA
20071208	NA
20071209	NA
20071210	NA
20071211	NA
20071212	NA
20071213	NA
20071214	NA
20071215	NA
20071216	NA
20071217	NA
20071218	NA
20071219	NA
20071220	NA
20071221	NA
20071222	NA
20071223	NA
20071224	NA
20071225	NA
20071226	NA
20071227	NA
20071228	NA
20071229	NA
20071230	NA
20071231	NA
20080101	NA
20080102	NA
20080103	NA
20080104	NA
20080105	NA
20080106	NA
20080107	NA
20080108	NA
20080109	NA
20080110	NA
20080111	NA
20080112	NA
20080113	NA
20080114	NA
20080115	NA
20080116	NA
20080117	NA
20080118	NA
20080119	NA
20080120	NA
20080121	NA
20080122	NA
20080123	NA
20080124	NA
20080125	NA
20080126	NA
20080127	NA
20080128	NA
20080129	NA
20080130	NA
20080131	NA
20080201	NA
20080202	NA
20080203	NA
20080204	NA
20080205	NA
20080206	NA
20080207	NA
20080208	NA
20080209	NA
20080210	NA
20080211	NA
20080212	NA
20080213	NA
20080214	NA
20080215	NA
20080216	NA
20080217	NA
20080218	NA
20080219	NA
20080220	NA
20080221	NA
20080222	NA
20080223	NA
20080224	NA
20080225	NA
20080226	NA
20080227	NA
20080228	NA
20080229	NA
20080301	NA
20080302	NA
20080303	NA
20080304	NA
20080305	NA
20080306	NA
20080307	NA
20080308	NA
20080309	NA
20080310	NA
20080311	NA
20080312	NA
20080313	NA
20080314	NA
20080315	NA
20080316	NA
20080317	0
20080318	0
20080319	0
20080320	0
20080321	0
20080322	0
20080323	0
20080324	0
20080325	NA
20080326	0
20080327	0
20080328	0
20080329	0
20080330	0
20080331	NA
20080401	0
20080402	0
20080403	NA
20080404	NA
20080405	0
20080406	0
20080407	0
20080408	0
20080409	0
20080410	0
20080411	0
20080412	0
20080413	0
20080414	0.5
20080415	3.5
20080416	0
20080417	0
20080418	26.7
20080419	NA
20080420	0
20080421	0
20080422	NA
20080423	8.2
20080424	1.8
20080425	NA
20080426	NA
20080427	5
20080428	NA
20080429	0
20080430	0
20080501	0
20080502	0.4
20080503	0.1
20080504	0.2
20080505	1.5
20080506	1.3
20080507	NA
20080508	NA
20080509	NA
20080510	NA
20080511	0
20080512	15.8
20080513	NA
20080514	NA
20080515	NA
20080516	NA
20080517	13.3
20080518	60.1
20080519	0.1
20080520	4.1
20080521	0.3
20080522	NA
20080523	1.1
20080524	NA
20080525	NA
20080526	NA
20080527	NA
20080528	NA
20080529	NA
20080530	NA
20080531	0.1
20080601	NA
20080602	11.3
20080603	0.2
20080604	28
20080605	13.2
20080606	NA
20080607	NA
20080608	NA
20080609	NA
20080610	NA
20080611	NA
20080612	NA
20080613	0
20080614	0
20080615	48.4
20080616	0.9
20080617	NA
20080618	NA
20080619	NA
20080620	NA
20080621	NA
20080622	NA
20080623	NA
20080624	NA
20080625	NA
20080626	NA
20080627	NA
20080628	NA
20080629	NA
20080630	NA
20080701	NA
20080702	NA
20080703	NA
20080704	NA
20080705	NA
20080706	NA
20080707	NA
20080708	NA
20080709	NA
20080710	NA
20080711	NA
20080712	NA
20080713	NA
20080714	NA
20080715	NA
20080716	NA
20080717	NA
20080718	NA
20080719	NA
20080720	NA
20080721	NA
20080722	NA
20080723	NA
20080724	NA
20080725	44.5
20080726	NA
20080727	NA
20080728	NA
20080729	NA
20080730	NA
20080731	NA
20080801	NA
20080802	NA
20080803	NA
20080804	NA
20080805	NA
20080806	NA
20080807	NA
20080808	NA
20080809	NA
20080810	NA
20080811	NA
20080812	NA
20080813	NA
20080814	NA
20080815	NA
20080816	NA
20080817	NA
20080818	NA
20080819	NA
20080820	NA
20080821	NA
20080822	NA
20080823	NA
20080824	NA
20080825	NA
20080826	NA
20080827	NA
20080828	NA
20080829	NA
20080830	NA
20080831	NA
20080901	NA
20080902	0
20080903	0
20080904	0.2
20080905	NA
20080906	NA
20080907	0.2
20080908	5.4
20080909	0
20080910	0
20080911	NA
20080912	0.2
20080913	1.8
20080914	0
20080915	52.2
20080916	17.9
20080917	3.5
20080918	NA
20080919	NA
20080920	NA
20080921	0
20080922	58.3
20080923	NA
20080924	0
20080925	0
20080926	NA
20080927	0.1
20080928	2.2
20080929	5.7
20080930	NA
20081001	8.3
20081002	0.2
20081003	NA
20081004	16.8
20081005	9.7
20081006	0.3
20081007	30
20081008	0
20081009	0
20081010	65.1
20081011	18.7
20081012	0
20081013	0
20081014	NA
20081015	NA
20081016	7.2
20081017	0
20081018	0.4
20081019	0
20081020	NA
20081021	NA
20081022	1.6
20081023	0
20081024	0
20081025	0.8
20081026	0
20081027	0
20081028	12.8
20081029	0
20081030	NA
20081031	10.9
20081101	0
20081102	30.4
20081103	2.7
20081104	22.2
20081105	0
20081106	0
20081107	0
20081108	0
20081109	0
20081110	0
20081111	0
20081112	0
20081113	3
20081114	0.1
20081115	NA
20081116	0
20081117	0.1
20081118	19.6
20081119	0.2
20081120	7.2
20081121	0.3
20081122	46.2
20081123	0.6
20081124	5.9
20081125	NA
20081126	81.1
20081127	0.1
20081128	0
20081129	0
20081130	0
20081201	0
20081202	NA
20081203	0.2
20081204	0.1
20081205	NA
20081206	NA
20081207	NA
20081208	NA
20081209	NA
20081210	NA
20081211	NA
20081212	0
20081213	NA
20081214	NA
20081215	0.1
20081216	NA
20081217	NA
20081218	NA
20081219	NA
20081220	NA
20081221	NA
20081222	NA
20081223	NA
20081224	NA
20081225	NA
20081226	0
20081227	NA
20081228	0
20081229	0
20081230	NA
20081231	0
20090101	0
20090102	0
20090103	0
20090104	0
20090105	NA
20090106	NA
20090107	NA
20090108	NA
20090109	NA
20090110	NA
20090111	0
20090112	NA
20090113	0
20090114	0
20090115	0
20090116	0
20090117	0
20090118	0
20090119	1.2
20090120	15.8
20090121	NA
20090122	0
20090123	NA
20090124	NA
20090125	0
20090126	0
20090127	NA
20090128	0
20090129	0
20090130	0
20090131	44
20090201	NA
20090202	0
20090203	0
20090204	0.2
20090205	NA
20090206	NA
20090207	0
20090208	0
20090209	0
20090210	0
20090211	NA
20090212	NA
20090213	0
20090214	0
20090215	NA
20090216	NA
20090217	0
20090218	NA
20090219	0
20090220	0
20090221	0
20090222	0
20090223	0
20090224	NA
20090225	NA
20090226	NA
20090227	NA
20090228	NA
20090301	NA
20090302	0.2
20090303	0
20090304	NA
20090305	0
20090306	NA
20090307	NA
20090308	NA
20090309	NA
20090310	NA
20090311	NA
20090312	0
20090313	0
20090314	0
20090315	0
20090316	0.1
20090317	18.6
20090318	0
20090319	0
20090320	NA
20090321	NA
20090322	NA
20090323	NA
20090324	0
20090325	0.9
20090326	0
20090327	0
20090328	NA
20090329	NA
20090330	0
20090331	0
20090401	0
20090402	NA
20090403	0
20090404	NA
20090405	0
20090406	NA
20090407	3.2
20090408	20.5
20090409	18.5
20090410	NA
20090411	1
20090412	NA
20090413	0
20090414	0
20090415	NA
20090416	0
20090417	4.4
20090418	14.4
20090419	5
20090420	49
20090421	0
20090422	5
20090423	0
20090424	0
20090425	0
20090426	0
20090427	0
20090428	24.5
20090429	NA
20090430	29.6
20090501	1.6
20090502	17.2
20090503	0.1
20090504	1.4
20090505	0.8
20090506	11.6
20090507	7
20090508	12.7
20090509	0
20090510	0
20090511	0
20090512	NA
20090513	0
20090514	0
20090515	9.6
20090516	0
20090517	30.9
20090518	9.7
20090519	NA
20090520	17.5
20090521	18.5
20090522	0.7
20090523	0.7
20090524	1.9
20090525	0.1
20090526	0
20090527	0
20090528	14.7
20090529	4.7
20090530	NA
20090531	0
20090601	0
20090602	0
20090603	NA
20090604	2.5
20090605	0.5
20090606	0
20090607	33.4
20090608	0.4
20090609	0
20090610	22.7
20090611	0.8
20090612	15.1
20090613	NA
20090614	NA
20090615	NA
20090616	0
20090617	0
20090618	0
20090619	13.2
20090620	26.3
20090621	12.6
20090622	0.6
20090623	106.6
20090624	0
20090625	58.8
20090626	0.1
20090627	0
20090628	NA
20090629	0.2
20090630	50.2
20090701	2.5
20090702	16.3
20090703	31.8
20090704	15.7
20090705	0
20090706	54
20090707	0
20090708	6.6
20090709	11.4
20090710	18
20090711	10
20090712	0.4
20090713	0
20090714	NA
20090715	0.4
20090716	6.1
20090717	31.2
20090718	NA
20090719	NA
20090720	NA
20090721	66.9
20090722	0.1
20090723	13.1
20090724	0
20090725	0
20090726	22.1
20090727	0.7
20090728	97
20090729	0.1
20090730	NA
20090731	4.8
20090801	3.2
20090802	0.1
20090803	0.9
20090804	8.7
20090805	14.2
20090806	17.5
20090807	35.2
20090808	13.7
20090809	19.3
20090810	NA
20090811	NA
20090812	0
20090813	0.7
20090814	0.2
20090815	0
20090816	0.2
20090817	49
20090818	0.8
20090819	0
20090820	NA
20090821	0
20090822	0.2
20090823	7.6
20090824	10.8
20090825	0.7
20090826	19.7
20090827	0.1
20090828	54.8
20090829	1
20090830	8
20090831	0
20090901	1.1
20090902	0
20090903	0.4
20090904	0.2
20090905	0
20090906	0
20090907	0
20090908	35.9
20090909	0.6
20090910	NA
20090911	6.6
20090912	0.2
20090913	NA
20090914	NA
20090915	1.1
20090916	0.5
20090917	22.8
20090918	0.1
20090919	0
20090920	1.5
20090921	8.9
20090922	NA
20090923	0
20090924	0
20090925	16.7
20090926	1
20090927	30.5
20090928	0.2
20090929	0
20090930	0.1
20091001	NA
20091002	0
20091003	30.7
20091004	0
20091005	NA
20091006	0
20091007	NA
20091008	NA
20091009	0
20091010	NA
20091011	3.7
20091012	0
20091013	NA
20091014	NA
20091015	NA
20091016	3.2
20091017	0.1
20091018	NA
20091019	NA
20091020	NA
20091021	NA
20091022	0
20091023	NA
20091024	NA
20091025	NA
20091026	0
20091027	NA
20091028	8.6
20091029	0.2
20091030	NA
20091031	NA
20091101	NA
20091102	NA
20091103	NA
20091104	NA
20091105	NA
20091106	NA
20091107	NA
20091108	NA
20091109	NA
20091110	NA
20091111	NA
20091112	NA
20091113	NA
20091114	NA
20091115	NA
20091116	NA
20091117	NA
20091118	NA
20091119	NA
20091120	NA
20091121	NA
20091122	NA
20091123	NA
20091124	NA
20091125	NA
20091126	NA
20091127	NA
20091128	NA
20091129	NA
20091130	NA
20091201	NA
20091202	NA
20091203	NA
20091204	NA
20091205	NA
20091206	NA
20091207	NA
20091208	NA
20091209	NA
20091210	NA
20091211	NA
20091212	NA
20091213	NA
20091214	NA
20091215	NA
20091216	NA
20091217	NA
20091218	NA
20091219	NA
20091220	NA
20091221	NA
20091222	NA
20091223	NA
20091224	0
20091225	0
20091226	NA
20091227	NA
20091228	NA
20091229	0
20091230	0
20091231	0
20100101	0
20100102	NA
20100103	0
20100104	0
20100105	NA
20100106	0
20100107	0
20100108	NA
20100109	NA
20100110	NA
20100111	NA
20100112	NA
20100113	NA
20100114	0
20100115	NA
20100116	NA
20100117	0
20100118	NA
20100119	NA
20100120	0
20100121	0
20100122	NA
20100123	NA
20100124	NA
20100125	0
20100126	0
20100127	0
20100128	0
20100129	NA
20100130	NA
20100131	0
20100201	NA
20100202	NA
20100203	NA
20100204	NA
20100205	NA
20100206	NA
20100207	NA
20100208	NA
20100209	NA
20100210	0
20100211	0
20100212	NA
20100213	0
20100214	0
20100215	NA
20100216	NA
20100217	NA
20100218	0
20100219	0
20100220	0.2
20100221	NA
20100222	0
20100223	0
20100224	NA
20100225	NA
20100226	NA
20100227	0
20100228	NA
20100301	NA
20100302	NA
20100303	NA
20100304	2.3
20100305	NA
20100306	0
20100307	0
20100308	NA
20100309	NA
20100310	NA
20100311	1.1
20100312	NA
20100313	NA
20100314	NA
20100315	NA
20100316	7.5
20100317	0.1
20100318	NA
20100319	0.1
20100320	NA
20100321	0
20100322	0.1
20100323	NA
20100324	NA
20100325	NA
20100326	0
20100327	0
20100328	0
20100329	NA
20100330	NA
20100331	0
20100401	1.4
20100402	0
20100403	6.9
20100404	NA
20100405	17.4
20100406	NA
20100407	NA
20100408	9.5
20100409	31.4
20100410	NA
20100411	0
20100412	0
20100413	47.8
20100414	0
20100415	19.8
20100416	15.4
20100417	0.1
20100418	NA
20100419	NA
20100420	NA
20100421	0
20100422	NA
20100423	9.8
20100424	NA
20100425	0.4
20100426	NA
20100427	NA
20100428	NA
20100429	NA
20100430	0
20100501	NA
20100502	0
20100503	6.7
20100504	NA
20100505	NA
20100506	NA
20100507	0
20100508	14.2
20100509	NA
20100510	NA
20100511	29.8
20100512	NA
20100513	0
20100514	0
20100515	NA
20100516	0.3
20100517	NA
20100518	5.6
20100519	3.3
20100520	4.4
20100521	0.2
20100522	17.1
20100523	0.1
20100524	NA
20100525	NA
20100526	NA
20100527	8.4
20100528	NA
20100529	NA
20100530	18.8
20100531	10
20100601	0.1
20100602	0.1
20100603	35.6
20100604	NA
20100605	0.1
20100606	1.9
20100607	0.2
20100608	NA
20100609	5
20100610	0.1
20100611	0
20100612	NA
20100613	NA
20100614	77.8
20100615	0.3
20100616	10.6
20100617	0.2
20100618	5.8
20100619	NA
20100620	21.9
20100621	0.1
20100622	1.4
20100623	0.2
20100624	0
20100625	123.2
20100626	0.1
20100627	NA
20100628	NA
20100629	NA
20100630	NA
20100701	30.8
20100702	2.1
20100703	6.3
20100704	0.2
20100705	0.1
20100706	0
20100707	NA
20100708	20.3
20100709	NA
20100710	21
20100711	77.2
20100712	0.1
20100713	3.4
20100714	0.1
20100715	1.1
20100716	94.3
20100717	4.9
20100718	4.7
20100719	NA
20100720	NA
20100721	NA
20100722	NA
20100723	NA
20100724	NA
20100725	NA
20100726	NA
20100727	NA
20100728	NA
20100729	NA
20100730	NA
20100731	NA
20100801	NA
20100802	NA
20100803	NA
20100804	NA
20100805	NA
20100806	NA
20100807	NA
20100808	NA
20100809	NA
20100810	NA
20100811	NA
20100812	NA
20100813	NA
20100814	NA
20100815	NA
20100816	NA
20100817	NA
20100818	NA
20100819	NA
20100820	NA
20100821	NA
20100822	NA
20100823	NA
20100824	NA
20100825	NA
20100826	NA
20100827	NA
20100828	NA
20100829	NA
20100830	NA
20100831	NA
20100901	NA
20100902	NA
20100903	NA
20100904	NA
20100905	NA
20100906	NA
20100907	NA
20100908	NA
20100909	NA
20100910	NA
20100911	NA
20100912	2.3
20100913	NA
20100914	0.1
20100915	NA
20100916	2.7
20100917	NA
20100918	0
20100919	2.7
20100920	NA
20100921	NA
20100922	NA
20100923	NA
20100924	NA
20100925	NA
20100926	NA
20100927	NA
20100928	NA
20100929	NA
20100930	NA
20101001	NA
20101002	NA
20101003	NA
20101004	NA
20101005	NA
20101006	NA
20101007	NA
20101008	NA
20101009	NA
20101010	NA
20101011	NA
20101012	NA
20101013	NA
20101014	NA
20101015	NA
20101016	NA
20101017	NA
20101018	NA
20101019	NA
20101020	NA
20101021	NA
20101022	NA
20101023	NA
20101024	NA
20101025	NA
20101026	NA
20101027	NA
20101028	NA
20101029	NA
20101030	NA
20101031	NA
20101101	NA
20101102	NA
20101103	NA
20101104	NA
20101105	NA
20101106	NA
20101107	NA
20101108	NA
20101109	NA
20101110	NA
20101111	NA
20101112	NA
20101113	NA
20101114	NA
20101115	NA
20101116	NA
20101117	NA
20101118	NA
20101119	NA
20101120	NA
20101121	NA
20101122	NA
20101123	NA
20101124	NA
20101125	NA
20101126	NA
20101127	NA
20101128	NA
20101129	NA
20101130	NA
20101201	NA
20101202	NA
20101203	NA
20101204	NA
20101205	NA
20101206	NA
20101207	NA
20101208	NA
20101209	NA
20101210	NA
20101211	NA
20101212	NA
20101213	NA
20101214	NA
20101215	NA
20101216	NA
20101217	NA
20101218	NA
20101219	NA
20101220	NA
20101221	NA
20101222	NA
20101223	NA
20101224	NA
20101225	NA
20101226	NA
20101227	NA
20101228	NA
20101229	NA
20101230	NA
20101231	NA
20110101	NA
20110102	NA
20110103	NA
20110104	NA
20110105	NA
20110106	NA
20110107	NA
20110108	NA
20110109	NA
20110110	NA
20110111	NA
20110112	NA
20110113	NA
20110114	NA
20110115	NA
20110116	NA
20110117	NA
20110118	NA
20110119	NA
20110120	NA
20110121	NA
20110122	NA
20110123	NA
20110124	NA
20110125	NA
20110126	NA
20110127	NA
20110128	NA
20110129	NA
20110130	NA
20110131	NA
20110201	NA
20110202	NA
20110203	NA
20110204	NA
20110205	NA
20110206	NA
20110207	NA
20110208	NA
20110209	NA
20110210	NA
20110211	NA
20110212	NA
20110213	NA
20110214	NA
20110215	NA
20110216	NA
20110217	NA
20110218	NA
20110219	NA
20110220	NA
20110221	NA
20110222	NA
20110223	NA
20110224	NA
20110225	NA
20110226	NA
20110227	NA
20110228	NA
20110301	NA
20110302	NA
20110303	NA
20110304	NA
20110305	NA
20110306	NA
20110307	NA
20110308	NA
20110309	NA
20110310	NA
20110311	NA
20110312	NA
20110313	NA
20110314	NA
20110315	NA
20110316	NA
20110317	NA
20110318	NA
20110319	NA
20110320	NA
20110321	NA
20110322	NA
20110323	NA
20110324	NA
20110325	NA
20110326	NA
20110327	NA
20110328	NA
20110329	NA
20110330	NA
20110331	NA
20110401	NA
20110402	NA
20110403	NA
20110404	NA
20110405	NA
20110406	NA
20110407	NA
20110408	NA
20110409	NA
20110410	NA
20110411	NA
20110412	NA
20110413	NA
20110414	NA
20110415	NA
20110416	NA
20110417	NA
20110418	NA
20110419	NA
20110420	NA
20110421	NA
20110422	NA
20110423	NA
20110424	NA
20110425	NA
20110426	NA
20110427	NA
20110428	NA
20110429	NA
20110430	NA
20110501	NA
20110502	NA
20110503	NA
20110504	NA
20110505	NA
20110506	NA
20110507	NA
20110508	NA
20110509	NA
20110510	NA
20110511	NA
20110512	NA
20110513	NA
20110514	NA
20110515	NA
20110516	NA
20110517	NA
20110518	NA
20110519	NA
20110520	NA
20110521	NA
20110522	NA
20110523	NA
20110524	NA
20110525	NA
20110526	NA
20110527	NA
20110528	NA
20110529	NA
20110530	NA
20110531	NA
20110601	NA
20110602	NA
20110603	NA
20110604	NA
20110605	NA
20110606	NA
20110607	NA
20110608	NA
20110609	NA
20110610	NA
20110611	NA
20110612	NA
20110613	NA
20110614	NA
20110615	NA
20110616	NA
20110617	NA
20110618	NA
20110619	NA
20110620	NA
20110621	NA
20110622	NA
20110623	NA
20110624	NA
20110625	NA
20110626	NA
20110627	NA
20110628	NA
20110629	NA
20110630	NA
20110701	NA
20110702	NA
20110703	NA
20110704	NA
20110705	NA
20110706	NA
20110707	NA
20110708	NA
20110709	NA
20110710	NA
20110711	NA
20110712	NA
20110713	NA
20110714	NA
20110715	NA
20110716	NA
20110717	NA
20110718	NA
20110719	NA
20110720	NA
20110721	NA
20110722	NA
20110723	NA
20110724	NA
20110725	NA
20110726	NA
20110727	NA
20110728	NA
20110729	NA
20110730	NA
20110731	NA
20110801	NA
20110802	NA
20110803	NA
20110804	NA
20110805	NA
20110806	NA
20110807	NA
20110808	NA
20110809	NA
20110810	NA
20110811	NA
20110812	NA
20110813	NA
20110814	NA
20110815	NA
20110816	NA
20110817	NA
20110818	NA
20110819	NA
20110820	NA
20110821	NA
20110822	NA
20110823	NA
20110824	NA
20110825	NA
20110826	NA
20110827	NA
20110828	NA
20110829	NA
20110830	NA
20110831	NA
20110901	NA
20110902	NA
20110903	NA
20110904	NA
20110905	NA
20110906	NA
20110907	NA
20110908	NA
20110909	NA
20110910	NA
20110911	NA
20110912	NA
20110913	NA
20110914	NA
20110915	NA
20110916	NA
20110917	NA
20110918	NA
20110919	NA
20110920	NA
20110921	NA
20110922	NA
20110923	NA
20110924	NA
20110925	NA
20110926	NA
20110927	NA
20110928	NA
20110929	NA
20110930	NA
20111001	NA
20111002	NA
20111003	NA
20111004	NA
20111005	NA
20111006	NA
20111007	NA
20111008	NA
20111009	NA
20111010	NA
20111011	NA
20111012	NA
20111013	NA
20111014	NA
20111015	NA
20111016	NA
20111017	NA
20111018	NA
20111019	NA
20111020	NA
20111021	NA
20111022	NA
20111023	NA
20111024	NA
20111025	NA
20111026	NA
20111027	NA
20111028	NA
20111029	NA
20111030	NA
20111031	NA
20111101	NA
20111102	NA
20111103	NA
20111104	NA
20111105	NA
20111106	NA
20111107	NA
20111108	NA
20111109	NA
20111110	NA
20111111	NA
20111112	NA
20111113	NA
20111114	NA
20111115	NA
20111116	NA
20111117	NA
20111118	NA
20111119	NA
20111120	NA
20111121	NA
20111122	NA
20111123	NA
20111124	NA
20111125	NA
20111126	NA
20111127	NA
20111128	NA
20111129	NA
20111130	NA
20111201	NA
20111202	NA
20111203	NA
20111204	NA
20111205	NA
20111206	NA
20111207	11.7
20111208	NA
20111209	NA
20111210	0
20111211	NA
20111212	8.7
20111213	0
20111214	0
20111215	0
20111216	0
20111217	0
20111218	0
20111219	0
20111220	0
20111221	0
20111222	0
20111223	3.5
20111224	0.3
20111225	0
20111226	0
20111227	0
20111228	0
20111229	0
20111230	0
20111231	0
20120101	0
20120102	0
20120103	0
20120104	0
20120105	0
20120106	0
20120107	0
20120108	0
20120109	0
20120110	0
20120111	0
20120112	0
20120113	0
20120114	0
20120115	0
20120116	0
20120117	0
20120118	0
20120119	0
20120120	0
20120121	0
20120122	0
20120123	0
20120124	0
20120125	0
20120126	0
20120127	0
20120128	0
20120129	0
20120130	0
20120131	0
20120201	0
20120202	0
20120203	0
20120204	0
20120205	3280.4
20120206	0
20120207	0.7
20120208	7.4
20120209	1.1
20120210	0
20120211	0
20120212	0
20120213	0
20120214	0
20120215	0
20120216	0
20120217	0
20120218	0
20120219	0
20120220	0
20120221	0
20120222	0
20120223	0
20120224	0
20120225	0
20120226	0
20120227	0
20120228	0
20120229	0
20120301	0
20120302	2.3
20120303	5.9
20120304	0.1
20120305	0
20120306	0
20120307	0
20120308	0
20120309	0
20120310	31.6
20120311	0
20120312	0
20120313	0
20120314	0
20120315	0
20120316	0
20120317	0
20120318	0
20120319	NA
20120320	NA
20120321	NA
20120322	NA
20120323	NA
20120324	NA
20120325	NA
20120326	NA
20120327	NA
20120328	NA
20120329	NA
20120330	0
20120331	NA
20120401	NA
20120402	NA
20120403	NA
20120404	NA
20120405	NA
20120406	NA
20120407	NA
20120408	NA
20120409	NA
20120410	NA
20120411	NA
20120412	NA
20120413	NA
20120414	NA
20120415	NA
20120416	0
20120417	NA
20120418	NA
20120419	NA
20120420	NA
20120421	0
20120422	NA
20120423	NA
20120424	NA
20120425	NA
20120426	NA
20120427	NA
20120428	NA
20120429	NA
20120430	NA
20120501	NA
20120502	NA
20120503	NA
20120504	NA
20120505	NA
20120506	NA
20120507	NA
20120508	NA
20120509	NA
20120510	NA
20120511	NA
20120512	NA
20120513	NA
20120514	NA
20120515	NA
20120516	NA
20120517	NA
20120518	NA
20120519	NA
20120520	NA
20120521	NA
20120522	NA
20120523	NA
20120524	NA
20120525	NA
20120526	NA
20120527	NA
20120528	NA
20120529	NA
20120530	NA
20120531	NA
20120601	NA
20120602	NA
20120603	NA
20120604	NA
20120605	NA
20120606	NA
20120607	NA
20120608	NA
20120609	NA
20120610	NA
20120611	NA
20120612	NA
20120613	NA
20120614	NA
20120615	NA
20120616	NA
20120617	NA
20120618	NA
20120619	NA
20120620	NA
20120621	NA
20120622	NA
20120623	NA
20120624	NA
20120625	NA
20120626	NA
20120627	NA
20120628	NA
20120629	NA
20120630	NA
20120701	NA
20120702	NA
20120703	NA
20120704	NA
20120705	NA
20120706	NA
20120707	NA
20120708	NA
20120709	NA
20120710	NA
20120711	NA
20120712	NA
20120713	NA
20120714	NA
20120715	NA
20120716	NA
20120717	NA
20120718	4.3
20120719	0
20120720	0
20120721	0
20120722	0
20120723	19.4
20120724	0
20120725	0
20120726	7.7
20120727	1.4
20120728	0
20120729	2.7
20120730	0
20120731	NA
20120801	0
20120802	0
20120803	1.1
20120804	NA
20120805	NA
20120806	NA
20120807	NA
20120808	0
20120809	NA
20120810	NA
20120811	NA
20120812	NA
20120813	NA
20120814	NA
20120815	NA
20120816	NA
20120817	NA
20120818	NA
20120819	NA
20120820	NA
20120821	NA
20120822	NA
20120823	NA
20120824	NA
20120825	NA
20120826	NA
20120827	NA
20120828	NA
20120829	NA
20120830	NA
20120831	NA
20120901	NA
20120902	NA
20120903	NA
20120904	NA
20120905	NA
20120906	NA
20120907	NA
20120908	NA
20120909	NA
20120910	NA
20120911	NA
20120912	NA
20120913	NA
20120914	NA
20120915	NA
20120916	NA
20120917	NA
20120918	NA
20120919	NA
20120920	NA
20120921	NA
20120922	NA
20120923	NA
20120924	NA
20120925	NA
20120926	NA
20120927	NA
20120928	NA
20120929	NA
20120930	NA
20121001	NA
20121002	NA
20121003	NA
20121004	NA
20121005	NA
20121006	NA
20121007	NA
20121008	NA
20121009	NA
20121010	NA
20121011	NA
20121012	NA
20121013	NA
20121014	NA
20121015	NA
20121016	NA
20121017	NA
20121018	NA
20121019	NA
20121020	NA
20121021	NA
20121022	NA
20121023	NA
20121024	NA
20121025	NA
20121026	NA
20121027	NA
20121028	NA
20121029	NA
20121030	NA
20121031	NA
20121101	NA
20121102	NA
20121103	NA
20121104	NA
20121105	NA
20121106	NA
20121107	NA
20121108	NA
20121109	NA
20121110	NA
20121111	NA
20121112	NA
20121113	NA
20121114	NA
20121115	NA
20121116	NA
20121117	NA
20121118	NA
20121119	NA
20121120	NA
20121121	NA
20121122	NA
20121123	NA
20121124	NA
20121125	NA
20121126	NA
20121127	NA
20121128	NA
20121129	NA
20121130	NA
20121201	0
20121202	0
20121203	NA
20121204	NA
20121205	0
20121206	0
20121207	0
20121208	0
20121209	NA
20121210	NA
20121211	NA
20121212	NA
20121213	NA
20121214	NA
20121215	NA
20121216	NA
20121217	NA
20121218	NA
20121219	NA
20121220	NA
20121221	NA
20121222	NA
20121223	NA
20121224	NA
20121225	NA
20121226	NA
20121227	NA
20121228	NA
20121229	NA
20121230	NA
20121231	NA
20130101	NA
20130102	NA
20130103	NA
20130104	NA
20130105	NA
20130106	NA
20130107	NA
20130108	NA
20130109	NA
20130110	NA
20130111	NA
20130112	NA
20130113	NA
20130114	NA
20130115	NA
20130116	NA
20130117	NA
20130118	NA
20130119	NA
20130120	NA
20130121	NA
20130122	NA
20130123	NA
20130124	NA
20130125	NA
20130126	NA
20130127	NA
20130128	NA
20130129	NA
20130130	NA
20130131	NA
20130201	NA
20130202	NA
20130203	NA
20130204	NA
20130205	NA
20130206	NA
20130207	NA
20130208	NA
20130209	NA
20130210	NA
20130211	NA
20130212	NA
20130213	NA
20130214	NA
20130215	NA
20130216	NA
20130217	NA
20130218	NA
20130219	NA
20130220	NA
20130221	NA
20130222	NA
20130223	NA
20130224	NA
20130225	NA
20130226	NA
20130227	NA
20130228	NA
20130301	NA
20130302	NA
20130303	NA
20130304	NA
20130305	NA
20130306	NA
20130307	NA
20130308	NA
20130309	NA
20130310	NA
20130311	NA
20130312	NA
20130313	NA
20130314	NA
20130315	NA
20130316	NA
20130317	NA
20130318	NA
20130319	NA
20130320	NA
20130321	NA
20130322	NA
20130323	NA
20130324	NA
20130325	NA
20130326	NA
20130327	NA
20130328	NA
20130329	NA
20130330	NA
20130331	NA
20130401	NA
20130402	NA
20130403	NA
20130404	NA
20130405	NA
20130406	NA
20130407	NA
20130408	NA
20130409	NA
20130410	NA
20130411	NA
20130412	NA
20130413	NA
20130414	NA
20130415	NA
20130416	NA
20130417	NA
20130418	NA
20130419	NA
20130420	NA
20130421	NA
20130422	NA
20130423	NA
20130424	NA
20130425	NA
20130426	NA
20130427	NA
20130428	NA
20130429	NA
20130430	NA
20130501	NA
20130502	NA
20130503	NA
20130504	NA
20130505	NA
20130506	0
20130507	0
20130508	0
20130509	NA
20130510	NA
20130511	NA
20130512	NA
20130513	NA
20130514	NA
20130515	NA
20130516	0
20130517	NA
20130518	NA
20130519	NA
20130520	NA
20130521	NA
20130522	NA
20130523	NA
20130524	NA
20130525	NA
20130526	NA
20130527	NA
20130528	NA
20130529	NA
20130530	NA
20130531	NA
20130601	NA
20130602	NA
20130603	NA
20130604	NA
20130605	NA
20130606	NA
20130607	NA
20130608	NA
20130609	NA
20130610	NA
20130611	NA
20130612	NA
20130613	NA
20130614	NA
20130615	NA
20130616	NA
20130617	NA
20130618	NA
20130619	NA
20130620	NA
20130621	NA
20130622	NA
20130623	NA
20130624	NA
20130625	NA
20130626	NA
20130627	NA
20130628	NA
20130629	NA
20130630	NA
20130701	NA
20130702	0.1
20130703	NA
20130704	NA
20130705	NA
20130706	NA
20130707	NA
20130708	NA
20130709	NA
20130710	0
20130711	NA
20130712	NA
20130713	NA
20130714	NA
20130715	NA
20130716	NA
20130717	NA
20130718	NA
20130719	NA
20130720	NA
20130721	NA
20130722	NA
20130723	NA
20130724	NA
20130725	15.6
20130726	0.7
20130727	0
20130728	0
20130729	11.6
20130730	0.3
20130731	0
20130801	3.5
20130802	46
20130803	0.2
20130804	0
20130805	0
20130806	0
20130807	7.6
20130808	0
20130809	0.1
20130810	0
20130811	0.2
20130812	0.1
20130813	0
20130814	31.3
20130815	8.7
20130816	0.9
20130817	6.2
20130818	0.1
20130819	0
20130820	0
20130821	4.8
20130822	1.6
20130823	0.1
20130824	0.1
20130825	9.9
20130826	0
20130827	0.8
20130828	0
20130829	2
20130830	0.7
20130831	0
20130901	0
20130902	0
20130903	0.1
20130904	3.2
20130905	0.3
20130906	0
20130907	0.8
20130908	3.9
20130909	30.6
20130910	0.2
20130911	3.8
20130912	0
20130913	8.2
20130914	17.9
20130915	19.5
20130916	0.1
20130917	16.6
20130918	0.1
20130919	0
20130920	0.1
20130921	0
20130922	0
20130923	0.3
20130924	0
20130925	0.6
20130926	11.6
20130927	0.3
20130928	0
20130929	22.4
20130930	0.1
20131001	8.7
20131002	0
20131003	8.1
20131004	16.3
20131005	0.2
20131006	0
20131007	0.6
20131008	0.2
20131009	0
20131010	0
20131011	0
20131012	0
20131013	0
20131014	1.3
20131015	0
20131016	0.3
20131017	17.4
20131018	0
20131019	0
20131020	18.5
20131021	0.4
20131022	17.3
20131023	18.4
20131024	0.1
20131025	0.1
20131026	0.1
20131027	0.2
20131028	0.1
20131029	0
20131030	0.1
20131031	3.1
20131101	8.5
20131102	0.1
20131103	3
20131104	31.6
20131105	0.2
20131106	0.6
20131107	10.8
20131108	0.5
20131109	0
20131110	0.2
20131111	0.1
20131112	0
20131113	0
20131114	0
20131115	0.6
20131116	0
20131117	0
20131118	0
20131119	0
20131120	0
20131121	0
20131122	0
20131123	1.3
20131124	0.1
20131125	0
20131126	1.4
20131127	0
20131128	0
20131129	0
20131130	0
20131201	0
20131202	5
20131203	0.1
20131204	0
20131205	0
20131206	0
20131207	0
20131208	0
20131209	0
20131210	0
20131211	0
20131212	1.4
20131213	0
20131214	0
20131215	0
20131216	0
20131217	0
20131218	0
20131219	0
20131220	0
20131221	0
20131222	0
20131223	0
20131224	0
20131225	0
20131226	0
20131227	0
20131228	0
20131229	0
20131230	0
20131231	0
20140101	0
20140102	0
20140103	0.1
20140104	0.2
20140105	0
20140106	0
20140107	1.9
20140108	0
20140109	0
20140110	0
20140111	0
20140112	0
20140113	0
20140114	0
20140115	0
20140116	0
20140117	0
20140118	2.2
20140119	0
20140120	0
20140121	0
20140122	0
20140123	0
20140124	0
20140125	0
20140126	0
20140127	0
20140128	0
20140129	0
20140130	0
20140131	0
20140201	0
20140202	0
20140203	0
20140204	0
20140205	0
20140206	0
20140207	0
20140208	0
20140209	0
20140210	0
20140211	0
20140212	0
20140213	0
20140214	0
20140215	0
20140216	0
20140217	0
20140218	0
20140219	0
20140220	0
20140221	0
20140222	0
20140223	0
20140224	0
20140225	0
20140226	0
20140227	4.9
20140228	6.1
20140301	0
20140302	0
20140303	0
20140304	0
20140305	0
20140306	0
20140307	0
20140308	0
20140309	0
20140310	0
20140311	0
20140312	0
20140313	0
20140314	0
20140315	0
20140316	0
20140317	0.1
20140318	3.3
20140319	0.3
20140320	0
20140321	0
20140322	0
20140323	0
20140324	0
20140325	0.3
20140326	0
20140327	0
20140328	0
20140329	0
20140330	0
20140331	0
20140401	15.1
20140402	0.1
20140403	1.9
20140404	20.4
20140405	0
20140406	9.6
20140407	0.1
20140408	0
20140409	4
20140410	0
20140411	0
20140412	0
20140413	0
20140414	0
20140415	1.1
20140416	1.1
20140417	12.2
20140418	5.5
20140419	23.9
20140420	18.1
20140421	0
20140422	3.2
20140423	9
20140424	25.4
20140425	0
20140426	5.7
20140427	4
20140428	0
20140429	0.2
20140430	3.4
20140501	0.5
20140502	0
20140503	0
20140504	0.2
20140505	5.6
20140506	0.1
20140507	59
20140508	4.7
20140509	0.6
20140510	0.7
20140511	0.3
20140512	0.1
20140513	0.4
20140514	0.1
20140515	0
20140516	1.6
20140517	0
20140518	0
20140519	4.6
20140520	0.1
20140521	0.1
20140522	0
20140523	0
20140524	0
20140525	0
20140526	0
20140527	14.7
20140528	0.2
20140529	0
20140530	5.2
20140531	0.3
20140601	0
20140602	12
20140603	0
20140604	0
20140605	0
20140606	0
20140607	4.6
20140608	0.2
20140609	0
20140610	24.9
20140611	0.2
20140612	0.1
20140613	1.5
20140614	6
20140615	0
20140616	0
20140617	7.2
20140618	0.2
20140619	8.6
20140620	4.3
20140621	1.5
20140622	0.3
20140623	2.8
20140624	10.7
20140625	17.1
20140626	0.2
20140627	0
20140628	0
20140629	4.7
20140630	0.5
20140701	8.6
20140702	0.2
20140703	0
20140704	22.9
20140705	8.2
20140706	26.3
20140707	35.6
20140708	1.2
20140709	2.8
20140710	0.1
20140711	7.6
20140712	6.3
20140713	0.8
20140714	19
20140715	0.6
20140716	0.4
20140717	1.4
20140718	0
