Date	Value
20051014	NA
20051015	90.2916666666667
20051016	109.291666666667
20051017	81.875
20051018	91.875
20051019	NA
20051020	NA
20051021	NA
20051022	NA
20051023	NA
20051024	NA
20051025	NA
20051026	NA
20051027	NA
20051028	-26.0833333333333
20051029	-26.5416666666667
20051030	NA
20051031	-26.1666666666667
20051101	NA
20051102	NA
20051103	NA
20051104	103.166666666667
20051105	106.416666666667
20051106	95.5
20051107	113.625
20051108	NA
20051109	NA
20051119	NA
20051120	218.166666666667
20051121	159.5
20051122	241.958333333333
20051123	210.791666666667
20051124	129.25
20051125	NA
20051126	NA
20051127	257.083333333333
20051128	257.708333333333
20051129	223.958333333333
20051130	NA
20051201	254.458333333333
20051202	244.208333333333
20051203	241.791666666667
20051204	208.166666666667
20051205	241.708333333333
20051206	231.125
20051207	237.166666666667
20051208	212.666666666667
20051209	250.416666666667
20051210	174.916666666667
20051211	78.1666666666667
20051212	214.583333333333
20051213	235.75
20051214	230.708333333333
20051215	NA
20051216	NA
20051217	NA
20051218	242.041666666667
20051219	204.75
20051220	NA
20051221	236.541666666667
20051222	201.041666666667
20051223	235.5
20051224	250.416666666667
20051225	247.5
20051226	NA
20051227	224.5
20051228	NA
20051229	NA
20051230	250.583333333333
20051231	NA
20060101	254.958333333333
20060102	NA
20060103	205.625
20060104	229.541666666667
20060105	201.083333333333
20060106	NA
20060107	195
20060108	235.666666666667
20060109	242.875
20060110	231.166666666667
20060111	NA
20060112	252.583333333333
20060113	248.916666666667
20060114	236.375
20060115	239.791666666667
20060116	226.833333333333
20060117	NA
20060118	NA
20060119	NA
20060120	245.583333333333
20060121	231.791666666667
20060122	217.75
20060123	223.708333333333
20060124	228.041666666667
20060125	192.5
20060126	196.541666666667
20060127	134.25
20060128	145.916666666667
20060129	122.791666666667
20060130	NA
20060131	242.625
20060201	226
20060202	NA
20060203	213.625
20060204	NA
20060205	219.458333333333
20060206	NA
20060207	NA
20060210	NA
20060211	243.125
20060212	218.083333333333
20060213	256.5
20060214	275.333333333333
20060215	255.25
20060216	270.625
20060217	278.208333333333
20060218	168.916666666667
20060219	199
20060220	249.5
20060221	NA
20060222	221.625
20060223	244.416666666667
20060224	261.875
20060225	265.25
20060226	251.083333333333
20060227	NA
20060228	271.5
20060301	262.791666666667
20060302	NA
20060303	256.333333333333
20060304	245.708333333333
20060305	198.25
20060306	144.708333333333
20060307	139.791666666667
20060308	NA
20060309	104.541666666667
20060310	NA
20060311	234.083333333333
20060312	268.916666666667
20060313	289.791666666667
20060314	243.5
20060315	272.166666666667
20060316	238
20060317	192.458333333333
20060318	246.208333333333
20060319	254.625
20060320	126.625
20060321	NA
20060322	NA
20060323	174.875
20060324	228.375
20060325	170.833333333333
20060326	100.166666666667
20060327	119.375
20060328	NA
20060329	267.208333333333
20060330	285
20060331	259.666666666667
20060401	NA
20060402	NA
20060403	NA
20060404	NA
20060405	NA
20060406	NA
20060407	NA
20060408	NA
20060409	NA
20060410	264
20060411	NA
20060412	229.125
20060413	79.5833333333333
20060414	136
20060415	157.666666666667
20060416	NA
20060417	119.083333333333
20060418	294.25
20060419	NA
20060420	NA
20060421	224.625
20060422	248.666666666667
20060423	121.916666666667
20060424	197
20060425	240.708333333333
20060426	110.875
20060427	NA
20060428	211.708333333333
20060429	155.291666666667
20060430	206.333333333333
20060501	259.125
20060502	253
20060503	121.083333333333
20060504	228.791666666667
20060505	130.625
20060506	108.291666666667
20060507	204.791666666667
20060508	219.958333333333
20060509	229.791666666667
20060510	249.875
20060511	224.791666666667
20060512	265.125
20060513	267.041666666667
20060514	221.875
20060515	205.541666666667
20060516	NA
20060517	NA
20060518	NA
20060519	107.208333333333
20060520	NA
20060521	NA
20060522	NA
20060523	NA
20060524	NA
20060525	256
20060526	168.5
20060527	181.583333333333
20060528	213.75
20060529	114.333333333333
20060530	289.083333333333
20060531	195.291666666667
20060601	142.75
20060602	229.458333333333
20060603	NA
20060604	248.083333333333
20060605	183.458333333333
20060606	228.916666666667
20060607	151
20060608	70.7916666666667
20060609	161.541666666667
20060610	233.875
20060611	173.458333333333
20060612	NA
20060613	NA
20060614	104.541666666667
20060615	NA
20060616	273.875
20060617	259.166666666667
20060618	215.708333333333
20060619	215.25
20060620	249.666666666667
20060621	169.541666666667
20060622	168.375
20060623	280.791666666667
20060624	229.958333333333
20060625	151.75
20060626	162.125
20060627	208.541666666667
20060628	176
20060629	246.625
20060630	263.666666666667
20060701	249.583333333333
20060702	248.458333333333
20060703	139.291666666667
20060704	150.791666666667
20060705	NA
20060706	132.75
20060707	166.375
20060708	NA
20060709	222.958333333333
20060710	106.375
20060711	253.458333333333
20060712	NA
20060713	NA
20060714	NA
20060715	NA
20060716	NA
20060717	NA
20060718	197.541666666667
20060719	NA
20060720	NA
20060721	NA
20060722	165.708333333333
20060723	236.041666666667
20060724	138.708333333333
20060725	165.916666666667
20060726	257.666666666667
20060727	NA
20060728	72.6666666666667
20060729	184.208333333333
20060730	NA
20060731	212.75
20060801	173.458333333333
20060802	291.541666666667
20060803	NA
20060804	NA
20060805	282.333333333333
20060806	NA
20060807	NA
20060808	NA
20060809	215.75
20060810	196.791666666667
20060811	NA
20060812	141.541666666667
20060813	298.666666666667
20060814	250.125
20060815	263.75
20060816	138.5
20060817	NA
20060818	226.458333333333
20060819	180.583333333333
20060820	NA
20060821	235.458333333333
20060822	208.583333333333
20060823	254.958333333333
20060824	162.375
20060825	242.375
20060826	236.25
20060827	253.208333333333
20060828	199.375
20060829	180.875
20060830	174
20060831	239.916666666667
20060901	NA
20060902	284.5
20060903	283
20060904	207.458333333333
20060905	271.791666666667
20060906	262.208333333333
20060907	257.833333333333
20060908	198.25
20060909	264.208333333333
20060910	NA
20060911	143.416666666667
20060912	209.458333333333
20060913	260.958333333333
20060914	NA
20060915	292.583333333333
20060916	NA
20060917	NA
20060918	137.833333333333
20060919	NA
20060920	284.375
20060921	298.166666666667
20060922	NA
20060923	NA
20060924	208.958333333333
20060925	243.458333333333
20060926	NA
20060927	NA
20060928	284.875
20060929	NA
20060930	NA
20061001	NA
20061002	NA
20061003	240.916666666667
20061004	261.791666666667
20061005	NA
20061006	232.583333333333
20061007	NA
20061008	227.375
20061009	134.25
20061010	NA
20061011	NA
20061012	NA
20061013	NA
20061014	NA
20061015	219.458333333333
20061016	NA
20061017	NA
20061018	247
20061019	193.916666666667
20061020	184.625
20061021	NA
20061022	257.375
20061023	NA
20061024	NA
20061025	NA
20061026	176.208333333333
20061027	NA
20061028	252.5
20061029	239.041666666667
20061030	NA
20061031	268.875
20061101	265.416666666667
20061102	NA
20061103	276.541666666667
20061104	NA
20061105	NA
20061106	NA
20061107	240.5
20061108	197.666666666667
20061109	NA
20061110	NA
20061111	NA
20061112	NA
20061113	NA
20061114	209.791666666667
20061115	NA
20061116	245.416666666667
20061117	108.333333333333
20061118	NA
20061119	NA
20061122	NA
20061123	248.125
20061124	246.875
20061125	NA
20061126	NA
20061127	NA
20061128	NA
20061129	NA
20061130	NA
20061201	253.791666666667
20061202	NA
20061203	254.458333333333
20061204	210.916666666667
20061205	246.083333333333
20061206	NA
20061207	NA
20061209	NA
20061210	228.25
20061211	205.833333333333
20061212	164.375
20061213	NA
20061214	NA
20061215	NA
20061216	NA
20061217	NA
20061218	229.833333333333
20061219	NA
20061220	NA
20061221	NA
20061222	170.375
20061223	164.375
20061224	207.791666666667
20061225	219.541666666667
20061226	183.875
20061227	225.666666666667
20061228	231.5
20061229	217.541666666667
20061230	245.791666666667
20061231	225.166666666667
20070101	228.75
20070102	248.416666666667
20070103	NA
20070104	241.208333333333
20070105	NA
20070106	NA
20070107	251.416666666667
20070108	NA
20070109	NA
20070110	204.75
20070111	220.875
20070112	224.791666666667
20070113	200.625
20070114	242.583333333333
20070115	216.791666666667
20070116	NA
20070117	220.875
20070118	219.958333333333
20070119	216.208333333333
20070120	NA
20070121	NA
20070122	192.875
20070123	250.458333333333
20070124	242.541666666667
20070125	227.75
20070126	231.708333333333
20070127	227.583333333333
20070128	247.166666666667
20070129	258.958333333333
20070130	254.75
20070131	262.958333333333
20070201	270.333333333333
20070202	273.791666666667
20070203	265.458333333333
20070204	258.833333333333
20070205	266.333333333333
20070206	NA
20070207	275.958333333333
20070208	NA
20070209	264.791666666667
20070210	260.916666666667
20070211	262
20070212	259.75
20070213	244.75
20070214	252.583333333333
20070215	268.458333333333
20070216	274.041666666667
20070217	269.041666666667
20070218	265.416666666667
20070219	277.416666666667
20070220	NA
20070221	277.208333333333
20070222	276.75
20070223	NA
20070224	231.458333333333
20070225	121.833333333333
20070226	242.041666666667
20070227	266.333333333333
20070228	275.708333333333
20070301	272.875
20070302	NA
20070303	244.666666666667
20070304	204.5
20070305	254.458333333333
20070306	219.583333333333
20070307	227.541666666667
20070308	207.166666666667
20070309	NA
20070310	NA
20070311	271.833333333333
20070312	267
20070313	NA
20070314	NA
20070315	NA
20070316	249.166666666667
20070317	NA
20070318	NA
20070320	NA
20070321	246.166666666667
20070322	NA
20070323	NA
20070324	196.125
20070325	94.625
20070326	NA
20070327	230.5
20070328	216.208333333333
20070329	NA
20070330	NA
20070331	194.041666666667
20070401	252.791666666667
20070402	128.208333333333
20070403	151.375
20070404	NA
20070405	NA
20070406	NA
20070407	NA
20080315	NA
20080316	NA
20080317	243.708333333333
20080318	242.916666666667
20080319	252.25
20080320	255.125
20080321	260.708333333333
20080322	240.875
20080323	269.541666666667
20080324	270.5
20080325	NA
20080326	259.541666666667
20080327	258.75
20080328	257.041666666667
20080329	258.791666666667
20080330	253.833333333333
20080331	NA
20080401	238.458333333333
20080402	224.958333333333
20080403	NA
20080404	NA
20080405	158.291666666667
20080406	222.416666666667
20080407	243.625
20080408	280.416666666667
20080409	236.375
20080410	226.208333333333
20080411	187.666666666667
20080412	174.166666666667
20080413	228.291666666667
20080414	168.625
20080415	245.5
20080416	273.208333333333
20080417	208.041666666667
20080418	60.5833333333333
20080419	NA
20080420	NA
20080421	227
20080422	NA
20080423	194.333333333333
20080424	248.333333333333
20080425	NA
20080426	NA
20080427	NA
20080428	NA
20080429	NA
20080430	NA
20080501	226.75
20080502	175.833333333333
20080503	126.083333333333
20080504	198.958333333333
20080505	162.75
20080506	235.208333333333
20080507	NA
20080508	NA
20080509	NA
20080510	NA
20080511	231.25
20080512	134.333333333333
20080513	NA
20080514	NA
20080515	NA
20080516	NA
20080517	175.625
20080518	185.375
20080519	NA
20080520	NA
20080521	150.458333333333
20080522	NA
20080523	240.041666666667
20080524	NA
20080525	NA
20080526	NA
20080527	NA
20080528	NA
20080529	NA
20080530	NA
20080531	237.416666666667
20080601	NA
20080602	192.375
20080603	252.291666666667
20080604	250.916666666667
20080605	199.208333333333
20080606	NA
20080607	NA
20080608	NA
20080609	NA
20080610	NA
20080611	NA
20080612	NA
20080613	NA
20080614	209
20080615	174
20080616	NA
20080617	NA
20080618	NA
20080619	NA
20080620	NA
20080621	NA
20080622	NA
20080623	NA
20080624	NA
20080625	NA
20080626	NA
20080627	NA
20080628	NA
20080629	NA
20080630	NA
20080701	NA
20080702	NA
20080703	NA
20080704	NA
20080705	NA
20080706	NA
20080707	NA
20080708	NA
20080709	NA
20080710	NA
20080711	NA
20080712	NA
20080713	NA
20080714	NA
20080715	NA
20080716	NA
20080717	NA
20080718	NA
20080719	NA
20080720	NA
20080721	NA
20080722	NA
20080723	NA
20080724	NA
20080725	190.083333333333
20080726	NA
20080727	NA
20080728	NA
20080729	NA
20080730	NA
20080731	NA
20080801	NA
20080802	NA
20080803	NA
20080826	NA
20080827	NA
20080828	NA
20080829	NA
20080830	NA
20080831	NA
20080901	NA
20080902	293.166666666667
20080903	237
20080904	154.625
20080905	NA
20080906	NA
20080907	142.666666666667
20080908	151.583333333333
20080909	162.833333333333
20080910	281.833333333333
20080911	NA
20080912	301.25
20080913	274.166666666667
20080914	245.25
20080915	125.166666666667
20080916	222.916666666667
20080917	206.416666666667
20080918	NA
20080919	NA
20080920	NA
20080921	275.666666666667
20080922	97.375
20080923	NA
20080924	221.625
20080925	131.75
20080926	NA
20080927	277.625
20080928	216.458333333333
20080929	261.375
20080930	NA
20081001	222.375
20081002	269.791666666667
20081003	NA
20081004	260.625
20081005	154.125
20081006	241.708333333333
20081007	107.875
20081008	245.291666666667
20081009	262.75
20081010	158.75
20081011	182.708333333333
20081012	246.333333333333
20081013	261.083333333333
20081014	NA
20081015	NA
20081016	261.75
20081017	196.541666666667
20081018	253.541666666667
20081019	268.583333333333
20081020	NA
20081021	NA
20081022	238.083333333333
20081023	258.625
20081024	266.375
20081025	249.75
20081026	240.333333333333
20081027	236.5
20081028	155.666666666667
20081029	261.625
20081030	NA
20081031	202.833333333333
20081101	173.958333333333
20081102	152.458333333333
20081103	202.916666666667
20081104	111.083333333333
20081105	208.375
20081106	237.458333333333
20081107	253.416666666667
20081108	259.125
20081109	247.875
20081110	258.375
20081111	253
20081112	240.291666666667
20081113	163.458333333333
20081114	200.625
20081115	NA
20081116	183.583333333333
20081117	230.041666666667
20081118	145.375
20081119	128.5
20081120	156.166666666667
20081121	126.75
20081122	111.833333333333
20081123	120.25
20081124	115.166666666667
20081125	NA
20081126	59.2083333333333
20081127	183.291666666667
20081128	220.375
20081129	230.958333333333
20081130	238.75
20081201	243.791666666667
20081202	NA
20081203	207.5
20081204	207.25
20081205	NA
20081206	NA
20081207	NA
20081208	NA
20081209	NA
20081210	NA
20081211	NA
20081212	201.166666666667
20081213	NA
20081214	NA
20081215	232.833333333333
20081216	NA
20081217	NA
20081218	NA
20081219	NA
20081220	NA
20081221	NA
20081222	NA
20081223	NA
20081224	NA
20081225	NA
20081226	237
20081227	NA
20081228	245.291666666667
20081229	229.166666666667
20081230	NA
20081231	208.875
20090101	168.541666666667
20090102	231.291666666667
20090103	212.916666666667
20090104	229.375
20090105	NA
20090106	NA
20090107	NA
20090108	NA
20090109	NA
20090110	NA
20090111	231.75
20090112	NA
20090113	232.625
20090114	238.166666666667
20090115	226.541666666667
20090116	249.5
20090117	188.625
20090118	244.541666666667
20090119	220.791666666667
20090120	149.5
20090121	NA
20090122	201.125
20090123	NA
20090124	NA
20090125	251.333333333333
20090126	250.708333333333
20090127	NA
20090128	222.791666666667
20090129	226.083333333333
20090130	168.875
20090131	52.2916666666667
20090201	NA
20090202	226.25
20090203	256.375
20090204	182.083333333333
20090205	NA
20090206	NA
20090207	262.875
20090208	268.458333333333
20090209	264.041666666667
20090210	257.5
20090211	NA
20090212	NA
20090213	247.833333333333
20090214	196.333333333333
20090215	NA
20090216	NA
20090217	245.333333333333
20090218	NA
20090219	214.291666666667
20090220	207
20090221	273.041666666667
20090222	246.625
20090223	271.708333333333
20090224	NA
20090225	NA
20090226	NA
20090227	NA
20090228	NA
20090301	NA
20090302	209.583333333333
20090303	151.041666666667
20090304	NA
20090305	238
20090306	NA
20090307	NA
20090308	NA
20090309	NA
20090310	NA
20090311	NA
20090312	264.083333333333
20090313	267.166666666667
20090314	253.625
20090315	154.75
20090316	169.208333333333
20090317	174.083333333333
20090318	222.041666666667
20090319	196.625
20090320	NA
20090321	NA
20090322	NA
20090323	NA
20090324	176.458333333333
20090325	164.75
20090326	239.333333333333
20090327	207.125
20090328	NA
20090329	NA
20090330	193.708333333333
20090331	259.375
20090401	253.458333333333
20090402	NA
20090403	244.583333333333
20090404	NA
20090405	283.291666666667
20090406	NA
20090407	210.041666666667
20090408	82.7916666666667
20090409	215.75
20090410	NA
20090411	253.125
20090412	NA
20090413	224.25
20090414	280.208333333333
20090415	NA
20090416	218.375
20090417	106.5
20090418	26
20090419	133.130434782609
20090420	52.4583333333333
20090421	232.625
20090422	184
20090423	226.25
20090424	280.583333333333
20090425	254.291666666667
20090426	237.333333333333
20090427	250.416666666667
20090428	122.875
20090429	NA
20090430	152.833333333333
20090501	82.9166666666667
20090502	220.666666666667
20090503	200.75
20090504	210.083333333333
20090505	249.375
20090506	222.083333333333
20090507	256.541666666667
20090508	136.166666666667
20090509	212.041666666667
20090510	260.166666666667
20090511	266.75
20090512	NA
20090513	231.5
20090514	177.708333333333
20090515	156.625
20090516	238.791666666667
20090517	200
20090518	175.375
20090519	NA
20090520	262.958333333333
20090521	184.416666666667
20090522	256.916666666667
20090523	274.833333333333
20090524	245.5
20090525	220.291666666667
20090526	272.791666666667
20090527	236.25
20090528	136.291666666667
20090529	150.791666666667
20090530	NA
20090531	250.791666666667
20090601	276.25
20090602	271.958333333333
20090603	NA
20090604	170.583333333333
20090605	139.166666666667
20090606	231.208333333333
20090607	64.0416666666667
20090608	248.041666666667
20090609	273.791666666667
20090610	130.416666666667
20090611	278.416666666667
20090612	100.458333333333
20090613	NA
20090614	NA
20090615	NA
20090616	283.791666666667
20090617	165.416666666667
20090618	278.25
20090619	232.5
20090620	165.833333333333
20090621	154.291666666667
20090622	176.541666666667
20090623	67.375
20090624	289.166666666667
20090625	82
20090626	184.541666666667
20090627	241.625
20090628	NA
20090629	211.916666666667
20090630	211.416666666667
20090701	100.416666666667
20090702	127.75
20090703	81.625
20090704	200.5
20090705	270.833333333333
20090706	189.291666666667
20090707	262.916666666667
20090708	149.458333333333
20090709	222.833333333333
20090710	134.583333333333
20090711	123.666666666667
20090712	180.166666666667
20090713	270.166666666667
20090714	NA
20090715	181.833333333333
20090716	148.541666666667
20090717	95.5
20090718	235.416666666667
20090719	NA
20090720	NA
20090721	55.2083333333333
20090722	253.5
20090723	171.166666666667
20090724	283.25
20090725	261.625
20090726	109.333333333333
20090727	224.041666666667
20090728	93.25
20090729	219.708333333333
20090730	NA
20090731	187.083333333333
20090801	139.291666666667
20090802	226.666666666667
20090803	273.5
20090804	89.4583333333333
20090805	180.625
20090806	142.666666666667
20090807	216.458333333333
20090808	178.666666666667
20090809	87.2083333333333
20090810	NA
20090811	NA
20090812	190
20090813	277
20090814	187.625
20090815	261.25
20090816	250.083333333333
20090817	108.875
20090818	250.916666666667
20090819	259.541666666667
20090820	NA
20090821	212.5
20090822	281.666666666667
20090823	218.708333333333
20090824	223.791666666667
20090825	256.083333333333
20090826	172.291666666667
20090827	245.25
20090828	205
20090829	207.583333333333
20090830	199
20090831	277.333333333333
20090901	255.875
20090902	212.125
20090903	257.208333333333
20090904	196.875
20090905	273.041666666667
20090906	284.208333333333
20090907	273.125
20090908	214.333333333333
20090909	240.291666666667
20090910	NA
20090911	126.083333333333
20090912	163.666666666667
20090913	NA
20090914	NA
20090915	132.708333333333
20090916	219.125
20090917	160.75
20090918	259.75
20090919	275.583333333333
20090920	129.041666666667
20090921	179.375
20090922	NA
20090923	281.833333333333
20090924	277.208333333333
20090925	245.625
20090926	223.375
20090927	240.375
20090928	197.25
20090929	288.208333333333
20090930	285.875
20091001	NA
20091002	192.791666666667
20091003	88
20091004	273.25
20091005	NA
20091006	275.625
20091007	NA
20091008	NA
20091009	260.083333333333
20091010	NA
20091011	201.125
20091012	252.75
20091013	NA
20091014	NA
20091015	NA
20091016	181.041666666667
20091017	266.208333333333
20091018	NA
20091019	NA
20091020	NA
20091021	NA
20091022	244
20091023	NA
20091024	NA
20091025	NA
20091026	261.833333333333
20091027	NA
20091028	153.958333333333
20091029	232.5
20091030	NA
20091031	NA
20091101	NA
20091102	NA
20091103	NA
20091104	NA
20091105	NA
20091106	NA
20091107	NA
20091108	NA
20091109	NA
20091110	NA
20091111	NA
20091112	NA
20091113	NA
20091114	NA
20091115	NA
20091116	NA
20091117	NA
20091118	NA
20091119	NA
20091120	NA
20091121	NA
20091122	NA
20091123	NA
20091124	NA
20091125	NA
20091126	NA
20091127	NA
20091128	NA
20091129	NA
20091130	NA
20091214	NA
20091215	NA
20091216	NA
20091217	NA
20091218	NA
20091223	NA
20091224	146.083333333333
20091225	184.875
20091226	NA
20091227	NA
20091228	NA
20091229	213.25
20091230	211.875
20091231	208.375
20100101	223.541666666667
20100102	NA
20100103	227.375
20100104	225.041666666667
20100105	NA
20100106	202.875
20100107	193.208333333333
20100108	NA
20100109	NA
20100112	NA
20100113	NA
20100114	213.875
20100115	NA
20100116	NA
20100117	211.333333333333
20100118	NA
20100119	NA
20100120	222.166666666667
20100121	215.791666666667
20100122	NA
20100123	NA
20100124	NA
20100125	206.875
20100126	181.583333333333
20100127	196.916666666667
20100128	220.375
20100129	NA
20100130	NA
20100131	230.75
20100201	NA
20100202	NA
20100203	NA
20100204	NA
20100205	NA
20100206	NA
20100207	NA
20100208	NA
20100209	NA
20100210	213.958333333333
20100211	222.416666666667
20100212	NA
20100213	228.958333333333
20100214	208.583333333333
20100215	NA
20100216	NA
20100217	NA
20100218	182.958333333333
20100219	75.75
20100220	85.5
20100221	NA
20100222	211.083333333333
20100223	195.875
20100224	NA
20100225	NA
20100226	NA
20100227	205.291666666667
20100228	NA
20100301	NA
20100302	NA
20100303	NA
20100304	83.4166666666667
20100305	NA
20100306	152.083333333333
20100307	135.916666666667
20100308	NA
20100309	NA
20100310	NA
20100311	119
20100312	NA
20100313	NA
20100314	NA
20100315	NA
20100316	133.166666666667
20100317	197.375
20100318	NA
20100319	203.583333333333
20100320	NA
20100321	144.5
20100322	234.166666666667
20100323	NA
20100324	NA
20100325	NA
20100326	196.916666666667
20100327	205.666666666667
20100328	173.166666666667
20100329	NA
20100330	NA
20100331	179.708333333333
20100401	138.958333333333
20100402	198.041666666667
20100403	129.625
20100404	NA
20100405	41.4583333333333
20100406	NA
20100407	NA
20100408	155.541666666667
20100409	89.1666666666667
20100410	NA
20100411	174.958333333333
20100412	149.291666666667
20100413	125.208333333333
20100414	207.041666666667
20100415	132.25
20100416	61.875
20100417	198
20100418	NA
20100419	NA
20100420	NA
20100421	208.583333333333
20100422	NA
20100423	150.333333333333
20100424	NA
20100425	206.333333333333
20100426	NA
20100427	NA
20100428	NA
20100429	NA
20100430	233.625
20100501	NA
20100502	143.166666666667
20100503	119.541666666667
20100504	NA
20100505	NA
20100506	NA
20100507	179.958333333333
20100508	126.416666666667
20100509	NA
20100510	NA
20100511	103.75
20100512	NA
20100513	156.083333333333
20100514	202.791666666667
20100515	NA
20100516	236.166666666667
20100517	NA
20100518	187.458333333333
20100519	NA
20100520	197.875
20100521	198.875
20100522	54.8333333333333
20100523	215.541666666667
20100524	NA
20100525	NA
20100526	NA
20100527	158.791666666667
20100528	NA
20100529	NA
20100530	168.541666666667
20100531	69.9583333333333
20100601	113.708333333333
20100602	210.083333333333
20100603	146.75
20100604	NA
20100605	218.333333333333
20100606	224.791666666667
20100607	230.375
20100608	NA
20100609	145.833333333333
20100610	203.041666666667
20100611	212.541666666667
20100612	NA
20100613	NA
20100614	52.4583333333333
20100615	222.041666666667
20100616	68.2916666666667
20100617	205.291666666667
20100618	107.875
20100619	NA
20100620	76
20100621	224.75
20100622	161.125
20100623	210.916666666667
20100624	211.708333333333
20100625	56.9583333333333
20100626	206.958333333333
20100627	NA
20100628	NA
20100629	NA
20100630	NA
20100701	90.5833333333333
20100702	148.25
20100703	200.458333333333
20100704	212.291666666667
20100705	139.166666666667
20100706	131.875
20100707	NA
20100708	123.125
20100709	NA
20100710	200.416666666667
20100711	86.0416666666667
20100712	231.708333333333
20100713	194.958333333333
20100714	179.541666666667
20100715	155.166666666667
20100716	104.625
20100717	147.875
20100718	-905.5
20100719	NA
20100720	NA
20100721	NA
20100722	NA
20100723	NA
20100724	NA
20100725	NA
20100726	NA
20100727	NA
20100728	NA
20100729	NA
20100730	NA
20100731	NA
20100801	NA
20100802	NA
20100803	NA
20100804	NA
20100806	NA
20100807	NA
20100808	NA
20100809	NA
20100810	NA
20100811	NA
20100812	NA
20100813	NA
20100814	NA
20100815	NA
20100816	NA
20100817	NA
20100818	NA
20100819	NA
20100820	NA
20100821	NA
20100822	NA
20100823	NA
20100826	NA
20100827	NA
20100828	NA
20100829	NA
20100830	NA
20100831	NA
20100901	NA
20100902	NA
20100903	NA
20100904	NA
20100905	NA
20100906	NA
20100907	NA
20100908	NA
20100909	NA
20100910	NA
20100911	NA
20100912	180.083333333333
20100913	NA
20100914	192.166666666667
20100915	NA
20100916	224.291666666667
20100917	NA
20100918	162.958333333333
20100919	91.1666666666667
20100920	NA
20100921	NA
20100922	NA
20111206	NA
20111207	0
20111208	NA
20111209	NA
20111210	0
20111211	NA
20111212	0
20111213	0
20111214	0
20111215	0
20111216	0
20111217	0
20111218	0
20111219	0
20111220	0
20111221	0
20111222	0
20111223	0
20111224	0
20111225	0
20111226	0
20111227	0
20111228	0
20111229	0
20111230	0
20111231	0
20120101	0
20120102	0
20120103	0
20120104	0
20120105	0
20120106	0
20120107	0
20120108	0
20120109	0
20120110	0
20120111	0
20120112	0
20120113	0
20120114	0
20120115	0
20120116	0
20120117	0
20120118	0
20120119	0
20120120	0
20120121	0
20120122	0
20120123	0
20120124	0
20120125	0
20120126	0
20120127	0
20120128	0
20120129	0
20120130	0
20120131	0
20120201	0
20120202	0
20120203	0
20120204	0
20120205	1425.17391304348
20120206	0
20120207	0
20120208	0
20120209	0
20120210	0
20120211	0
20120212	0
20120213	0
20120214	0
20120215	0
20120216	0
20120217	0
20120218	0
20120219	0
20120220	0
20120221	0
20120222	0
20120223	0
20120224	0
20120225	0
20120226	0
20120227	0
20120228	0
20120229	0
20120301	0
20120302	0
20120303	0
20120304	0
20120305	0
20120306	0
20120307	0
20120308	0
20120309	0
20120310	0
20120311	0
20120312	0
20120313	0
20120314	0
20120315	0
20120316	0
20120317	0
20120318	0
20120330	0
20120416	0
20120421	0
20120718	205.909090909091
20120719	117.333333333333
20120720	175.391304347826
20120721	150.125
20120722	245.782608695652
20120723	207.727272727273
20120724	489
20120725	583.25
20120726	573.75
20120727	336.5
20120728	500.25
20120729	357.571428571429
20120730	505
20120801	700.333333333333
20120802	728.666666666667
20120803	218.5
20120808	834
20121130	NA
20121201	470
20121202	401.714285714286
20121203	NA
20121204	NA
20121205	590.6
20121206	408
20121207	323
20121208	606
20130506	633
20130507	489
20130508	560
20130516	400
20130702	699
20130710	378
20130713	NA
20130714	NA
20130715	NA
20130716	NA
20130717	NA
20130718	NA
20130719	NA
20130720	NA
20130721	NA
20130722	NA
20130723	NA
20130724	NA
20130725	84
20130726	102.208333333333
20130727	145.916666666667
20130728	197.083333333333
20130729	105.25
20130730	136.916666666667
20130731	180.791666666667
20130801	81.5
20130802	86.0909090909091
20130803	165.428571428571
20130804	194.695652173913
20130805	58.7
20130806	6.6
20130807	70.4705882352941
20130808	189.565217391304
20130809	176.541666666667
20130810	208.833333333333
20130811	122.458333333333
20130812	214.916666666667
20130813	207.125
20130814	111.791666666667
20130815	212.652173913043
20130816	233.791666666667
20130817	38.9583333333333
20130818	163.75
20130819	188.708333333333
20130820	177.521739130435
20130821	159.875
20130822	236.791666666667
20130823	216.375
20130824	194.25
20130825	117.208333333333
20130826	147.916666666667
20130827	179.208333333333
20130828	211.833333333333
20130829	168.041666666667
20130830	108.434782608696
20130831	121.666666666667
20130901	235.875
20130902	245.833333333333
20130903	118.125
20130904	184.217391304348
20130905	162.041666666667
20130906	214.791666666667
20130907	142.333333333333
20130908	211.833333333333
20130909	172.5
20130910	214.958333333333
20130911	243.681818181818
20130912	229.958333333333
20130913	233.375
20130914	193.545454545455
20130915	135.04347826087
20130916	189
20130917	100.25
20130918	273.375
20130919	174.75
20130920	249.727272727273
20130921	234.347826086957
20130922	191.869565217391
20130923	227.291666666667
20130924	238.458333333333
20130925	240.85
20130926	218.681818181818
20130927	184.347826086957
20130928	251.086956521739
20130929	58.2727272727273
20130930	237.333333333333
20131001	105.958333333333
20131002	232.166666666667
20131003	247.208333333333
20131004	85.1904761904762
20131005	257.04347826087
20131006	259.363636363636
20131007	181.458333333333
20131008	180.913043478261
20131009	251.380952380952
20131010	216.25
20131011	249.45
20131012	215.227272727273
20131013	208.636363636364
20131014	124.391304347826
20131015	220.6
20131016	104.636363636364
20131017	177.958333333333
20131018	221.409090909091
20131019	250.55
20131020	173.545454545455
20131021	167.65
20131022	99.875
20131023	82.7
20131024	244.608695652174
20131025	202.130434782609
20131026	226.318181818182
20131027	187.545454545455
20131028	224.304347826087
20131029	95.3125
20131030	205
20131031	166.583333333333
20131101	165.125
20131102	170.916666666667
20131103	149.958333333333
20131104	70.9166666666667
20131105	131.458333333333
20131106	190
20131107	167.130434782609
20131108	216.826086956522
20131109	38.4444444444444
20131110	208.363636363636
20131111	180.272727272727
20131112	185.95652173913
20131113	234.666666666667
20131114	203.863636363636
20131115	150.666666666667
20131116	194.833333333333
20131117	228.086956521739
20131118	191
20131119	203.913043478261
20131120	216.130434782609
20131121	228.909090909091
20131122	228
20131123	204.863636363636
20131124	NA
20131125	180.416666666667
20131126	188
20131127	201
20131128	192.666666666667
20131129	200.545454545455
20131130	181.0625
20131201	222.260869565217
20131202	76.5416666666667
20131203	114.291666666667
20131204	195.541666666667
20131205	167.478260869565
20131206	194.65
20131207	190.705882352941
20131208	198.173913043478
20131209	115.631578947368
20131210	208.826086956522
20131211	196.636363636364
20131212	150.208333333333
20131213	218.095238095238
20131214	48
20131215	206.333333333333
20131216	152.416666666667
20131217	165.238095238095
20131218	179.541666666667
20131219	213.521739130435
20131220	219.5
20131221	218.25
20131222	223.391304347826
20131223	192.909090909091
20131224	169
20131225	184.291666666667
20131226	217
20131227	147.315789473684
20131228	214.434782608696
20131229	211.625
20131230	215.25
20131231	175.458333333333
20140101	221.227272727273
20140102	204.217391304348
20140103	163.227272727273
20140104	165.04347826087
20140105	221.045454545455
20140106	180.458333333333
20140107	171.95652173913
20140108	218.086956521739
20140109	206.086956521739
20140110	209.5
20140111	243.15
20140112	205.083333333333
20140113	226.391304347826
20140114	218.782608695652
20140115	220.181818181818
20140116	220.227272727273
20140117	183.625
20140118	173.391304347826
20140119	186.625
20140120	216
20140121	175.434782608696
20140122	258.2
20140123	237.380952380952
20140124	245.619047619048
20140125	214.416666666667
20140126	237.380952380952
20140127	206.083333333333
20140128	199.703703703704
20140129	207.346153846154
20140130	142.931034482759
20140131	190.25
20140201	178.90625
20140202	540.291666666667
20140203	168.294117647059
20140204	148.212121212121
20140205	474.0625
20140206	162.387096774194
20140207	57.3939393939394
20140208	190.8
20140209	-673.103448275862
20140210	1532.89285714286
20140211	-786.375
20140212	195.416666666667
20140213	223
20140214	252.571428571429
20140215	257.333333333333
20140216	234.954545454545
20140217	217
20140218	220.333333333333
20140219	154.736842105263
20140220	204.608695652174
20140221	228.619047619048
20140222	188
20140223	184
20140224	215.428571428571
20140225	312
20140226	143
20140227	193.736842105263
20140228	86.3333333333333
20140301	306.416666666667
20140302	271.941176470588
20140303	213
20140304	153.142857142857
20140305	125.444444444444
20140306	191.555555555556
20140307	168.95
20140308	187.263157894737
20140309	196.5
20140310	265.157894736842
20140311	152.772727272727
20140312	168.857142857143
20140313	173.588235294118
20140314	129.611111111111
20140315	132.434782608696
20140316	240.904761904762
20140317	222.739130434783
20140318	193.608695652174
20140319	972.318181818182
20140320	207.272727272727
20140321	198.571428571429
20140322	211.166666666667
20140323	145.363636363636
20140324	112.95
20140325	161.35
20140326	122.529411764706
20140327	191.190476190476
20140328	174.809523809524
20140329	258.473684210526
20140330	153.166666666667
20140331	238.952380952381
20140401	118.65
20140402	145.260869565217
20140403	155.478260869565
20140404	67.7894736842105
20140405	72.45
20140406	117.428571428571
20140407	126.666666666667
20140408	264.928571428571
20140409	167.5
20140410	275.1
20140411	88
20140412	NA
20140413	242.157894736842
20140414	130.434782608696
20140415	53.9375
20140416	197.578947368421
20140417	150.0625
20140418	80.75
20140419	94.75
20140420	136.541666666667
20140421	99.2666666666667
20140422	120
20140423	143.166666666667
20140424	132.8
20140425	129.923076923077
20140426	40
20140427	168.947368421053
20140428	121.5
20140429	237.083333333333
20140430	105.210526315789
20140501	189.25
20140502	296.090909090909
20140503	195.434782608696
20140504	172.791666666667
20140505	162.416666666667
20140506	235.090909090909
20140507	152.652173913043
20140508	161.066666666667
20140509	NA
20140510	138.733333333333
20140511	158.2
20140512	230.086956521739
20140513	146.208333333333
20140514	166.75
20140515	89.1764705882353
20140516	218.133333333333
20140517	108.05
20140518	54.2
20140519	217.111111111111
20140520	213.4375
20140521	246.785714285714
20140522	236.571428571429
20140523	149.615384615385
20140524	251.136363636364
20140525	NA
20140526	111.9
20140527	50.3809523809524
20140528	166.521739130435
20140529	196.833333333333
20140530	87.5652173913043
20140531	246.666666666667
20140601	165.083333333333
20140602	137.708333333333
20140603	120.947368421053
20140604	175.166666666667
20140605	NA
20140606	139.833333333333
20140607	67
20140608	142
20140609	74.6363636363636
20140610	155.5
20140611	155.619047619048
20140612	220.947368421053
20140613	151.894736842105
20140614	43.8571428571429
20140615	123.8
20140616	191.277777777778
20140617	139.833333333333
20140618	163.291666666667
20140619	81.1739130434783
20140620	95.7826086956522
20140621	152
20140622	174.391304347826
20140623	172.125
20140624	100.727272727273
20140625	44
20140626	192.428571428571
20140627	202.388888888889
20140628	98.3333333333333
20140629	188.095238095238
20140630	147.739130434783
20140701	117.666666666667
20140702	184.833333333333
20140703	234.05
20140704	103.142857142857
20140705	172.636363636364
20140706	113.291666666667
20140707	59.1666666666667
20140708	120.041666666667
20140709	63.695652173913
20140710	134.809523809524
20140711	74.8421052631579
20140712	100.136363636364
20140713	161.652173913043
20140714	189
20140715	214.125
20140716	113.333333333333
20140717	172.666666666667
20140718	-11
