Date	Value
20030704	27.1
20030705	NA
20030706	NA
20030707	NA
20030708	NA
20030709	NA
20030710	NA
20030711	NA
20030712	NA
20030713	NA
20030714	NA
20030715	NA
20030716	NA
20030717	NA
20030718	NA
20030719	NA
20030720	NA
20030721	NA
20030722	NA
20030723	NA
20030724	NA
20030725	NA
20030726	NA
20030727	NA
20030728	NA
20030729	NA
20030730	NA
20030731	NA
20030801	NA
20030802	NA
20030803	NA
20030804	NA
20030805	NA
20030806	NA
20030807	NA
20030808	NA
20030809	NA
20030810	NA
20030811	NA
20030812	NA
20030813	NA
20030814	NA
20030815	NA
20030816	NA
20030817	NA
20030818	NA
20030819	NA
20030820	NA
20030821	NA
20030822	NA
20030823	NA
20030824	NA
20030825	NA
20030826	NA
20030827	NA
20030828	NA
20030829	NA
20030830	NA
20030831	NA
20030901	NA
20030902	NA
20030903	NA
20030904	NA
20030905	NA
20030906	NA
20030907	NA
20030908	NA
20030909	NA
20030910	NA
20030911	NA
20030912	NA
20030913	NA
20030914	NA
20030915	NA
20030916	NA
20030917	NA
20030918	NA
20030919	NA
20030920	NA
20030921	NA
20030922	NA
20030923	NA
20030924	NA
20030925	NA
20030926	NA
20030927	NA
20030928	NA
20030929	NA
20030930	NA
20031001	NA
20031002	NA
20031003	NA
20031004	NA
20031005	NA
20031006	NA
20031007	NA
20031008	NA
20031009	NA
20031010	NA
20031011	NA
20031012	NA
20031013	NA
20031014	NA
20031015	NA
20031016	NA
20031017	NA
20031018	NA
20031019	NA
20031020	NA
20031021	NA
20031022	NA
20031023	NA
20031024	NA
20031025	NA
20031026	NA
20031027	NA
20031028	NA
20031029	NA
20031030	NA
20031031	NA
20031101	NA
20031102	NA
20031103	NA
20031104	NA
20031105	NA
20031106	NA
20031107	NA
20031108	NA
20031109	NA
20031110	NA
20031111	NA
20031112	NA
20031113	NA
20031114	NA
20031115	NA
20031116	NA
20031117	NA
20031118	NA
20031119	NA
20031120	NA
20031121	NA
20031122	NA
20031123	NA
20031124	NA
20031125	NA
20031126	NA
20031127	NA
20031128	NA
20031129	NA
20031130	NA
20031201	NA
20031202	NA
20031203	NA
20031204	NA
20031205	NA
20031206	NA
20031207	NA
20031208	NA
20031209	NA
20031210	NA
20031211	NA
20031212	NA
20031213	NA
20031214	NA
20031215	NA
20031216	NA
20031217	NA
20031218	NA
20031219	NA
20031220	NA
20031221	NA
20031222	NA
20031223	NA
20031224	NA
20031225	NA
20031226	NA
20031227	NA
20031228	NA
20031229	NA
20031230	NA
20031231	NA
20040101	NA
20040102	NA
20040103	NA
20040104	NA
20040105	NA
20040106	NA
20040107	NA
20040108	NA
20040109	NA
20040110	NA
20040111	NA
20040112	NA
20040113	NA
20040114	NA
20040115	NA
20040116	NA
20040117	NA
20040118	NA
20040119	NA
20040120	NA
20040121	NA
20040122	NA
20040123	NA
20040124	NA
20040125	NA
20040126	NA
20040127	NA
20040128	NA
20040129	NA
20040130	NA
20040131	NA
20040201	NA
20040202	NA
20040203	NA
20040204	NA
20040205	NA
20040206	NA
20040207	NA
20040208	NA
20040209	NA
20040210	NA
20040211	NA
20040212	NA
20040213	NA
20040214	NA
20040215	NA
20040216	NA
20040217	NA
20040218	NA
20040219	NA
20040220	NA
20040221	NA
20040222	NA
20040223	NA
20040224	NA
20040225	NA
20040226	NA
20040227	NA
20040228	NA
20040229	NA
20040301	NA
20040302	NA
20040303	NA
20040304	NA
20040305	NA
20040306	NA
20040307	NA
20040308	NA
20040309	NA
20040310	NA
20040311	NA
20040312	NA
20040313	NA
20040314	NA
20040315	NA
20040316	NA
20040317	NA
20040318	NA
20040319	NA
20040320	NA
20040321	NA
20040322	NA
20040323	NA
20040324	NA
20040325	NA
20040326	NA
20040327	NA
20040328	NA
20040329	NA
20040330	NA
20040331	NA
20040401	NA
20040402	NA
20040403	NA
20040404	NA
20040405	NA
20040406	NA
20040407	NA
20040408	NA
20040409	NA
20040410	NA
20040411	NA
20040412	NA
20040413	NA
20040414	NA
20040415	NA
20040416	NA
20040417	NA
20040418	NA
20040419	NA
20040420	NA
20040421	NA
20040422	NA
20040423	NA
20040424	NA
20040425	NA
20040426	NA
20040427	NA
20040428	NA
20040429	NA
20040430	NA
20040501	NA
20040502	NA
20040503	NA
20040504	NA
20040505	NA
20040506	NA
20040507	NA
20040508	NA
20040509	NA
20040510	NA
20040511	NA
20040512	NA
20040513	NA
20040514	NA
20040515	NA
20040516	NA
20040517	NA
20040518	NA
20040519	NA
20040520	NA
20040521	NA
20040522	NA
20040523	NA
20040524	NA
20040525	NA
20040526	NA
20040527	NA
20040528	NA
20040529	NA
20040530	NA
20040531	NA
20040601	NA
20040602	NA
20040603	NA
20040604	NA
20040605	NA
20040606	NA
20040607	NA
20040608	NA
20040609	NA
20040610	NA
20040611	NA
20040612	NA
20040613	NA
20040614	NA
20040615	NA
20040616	NA
20040617	NA
20040618	NA
20040619	NA
20040620	NA
20040621	NA
20040622	NA
20040623	NA
20040624	NA
20040625	NA
20040626	NA
20040627	NA
20040628	NA
20040629	NA
20040630	NA
20040701	NA
20040702	NA
20040703	NA
20040704	NA
20040705	NA
20040706	NA
20040707	NA
20040708	NA
20040709	NA
20040710	NA
20040711	NA
20040712	NA
20040713	NA
20040714	NA
20040715	NA
20040716	NA
20040717	NA
20040718	NA
20040719	NA
20040720	NA
20040721	NA
20040722	NA
20040723	NA
20040724	NA
20040725	NA
20040726	NA
20040727	NA
20040728	NA
20040729	NA
20040730	NA
20040731	NA
20040801	NA
20040802	NA
20040803	NA
20040804	NA
20040805	NA
20040806	NA
20040807	NA
20040808	NA
20040809	NA
20040810	NA
20040811	NA
20040812	NA
20040813	NA
20040814	NA
20040815	NA
20040816	NA
20040817	NA
20040818	NA
20040819	NA
20040820	NA
20040821	NA
20040822	NA
20040823	NA
20040824	NA
20040825	NA
20040826	NA
20040827	NA
20040828	NA
20040829	NA
20040830	NA
20040831	NA
20040901	NA
20040902	NA
20040903	NA
20040904	NA
20040905	NA
20040906	NA
20040907	NA
20040908	NA
20040909	NA
20040910	NA
20040911	NA
20040912	NA
20040913	NA
20040914	NA
20040915	NA
20040916	NA
20040917	NA
20040918	NA
20040919	NA
20040920	NA
20040921	NA
20040922	NA
20040923	NA
20040924	NA
20040925	NA
20040926	NA
20040927	NA
20040928	NA
20040929	NA
20040930	NA
20041001	NA
20041002	NA
20041003	NA
20041004	NA
20041005	NA
20041006	NA
20041007	NA
20041008	NA
20041009	NA
20041010	NA
20041011	NA
20041012	NA
20041013	NA
20041014	NA
20041015	NA
20041016	NA
20041017	NA
20041018	NA
20041019	NA
20041020	NA
20041021	NA
20041022	NA
20041023	NA
20041024	NA
20041025	NA
20041026	NA
20041027	NA
20041028	NA
20041029	NA
20041030	NA
20041031	NA
20041101	NA
20041102	NA
20041103	NA
20041104	NA
20041105	NA
20041106	NA
20041107	NA
20041108	NA
20041109	NA
20041110	NA
20041111	NA
20041112	NA
20041113	NA
20041114	NA
20041115	NA
20041116	NA
20041117	NA
20041118	NA
20041119	NA
20041120	NA
20041121	NA
20041122	NA
20041123	NA
20041124	NA
20041125	NA
20041126	NA
20041127	NA
20041128	NA
20041129	NA
20041130	NA
20041201	NA
20041202	NA
20041203	NA
20041204	NA
20041205	NA
20041206	NA
20041207	NA
20041208	NA
20041209	NA
20041210	NA
20041211	NA
20041212	NA
20041213	NA
20041214	NA
20041215	NA
20041216	NA
20041217	NA
20041218	NA
20041219	NA
20041220	NA
20041221	NA
20041222	NA
20041223	NA
20041224	NA
20041225	NA
20041226	NA
20041227	NA
20041228	NA
20041229	NA
20041230	NA
20041231	NA
20050101	NA
20050102	NA
20050103	NA
20050104	NA
20050105	NA
20050106	NA
20050107	NA
20050108	NA
20050109	NA
20050110	NA
20050111	NA
20050112	NA
20050113	NA
20050114	NA
20050115	NA
20050116	NA
20050117	NA
20050118	NA
20050119	NA
20050120	NA
20050121	NA
20050122	NA
20050123	NA
20050124	NA
20050125	NA
20050126	NA
20050127	NA
20050128	NA
20050129	NA
20050130	NA
20050131	NA
20050201	NA
20050202	NA
20050203	NA
20050204	NA
20050205	NA
20050206	NA
20050207	NA
20050208	NA
20050209	NA
20050210	NA
20050211	NA
20050212	NA
20050213	NA
20050214	NA
20050215	NA
20050216	NA
20050217	NA
20050218	NA
20050219	NA
20050220	NA
20050221	NA
20050222	NA
20050223	NA
20050224	NA
20050225	NA
20050226	NA
20050227	NA
20050228	NA
20050301	NA
20050302	NA
20050303	NA
20050304	NA
20050305	NA
20050306	NA
20050307	NA
20050308	NA
20050309	NA
20050310	NA
20050311	NA
20050312	NA
20050313	NA
20050314	NA
20050315	NA
20050316	NA
20050317	NA
20050318	NA
20050319	NA
20050320	NA
20050321	NA
20050322	NA
20050323	NA
20050324	NA
20050325	NA
20050326	NA
20050327	NA
20050328	NA
20050329	NA
20050330	NA
20050331	NA
20050401	NA
20050402	NA
20050403	NA
20050404	NA
20050405	NA
20050406	NA
20050407	NA
20050408	NA
20050409	NA
20050410	NA
20050411	NA
20050412	NA
20050413	NA
20050414	NA
20050415	NA
20050416	NA
20050417	NA
20050418	NA
20050419	NA
20050420	NA
20050421	NA
20050422	NA
20050423	NA
20050424	NA
20050425	NA
20050426	NA
20050427	NA
20050428	NA
20050429	NA
20050430	NA
20050501	NA
20050502	NA
20050503	NA
20050504	NA
20050505	NA
20050506	NA
20050507	NA
20050508	NA
20050509	NA
20050510	NA
20050511	NA
20050512	NA
20050513	NA
20050514	NA
20050515	NA
20050516	NA
20050517	NA
20050518	NA
20050519	NA
20050520	NA
20050521	NA
20050522	NA
20050523	NA
20050524	NA
20050525	NA
20050526	NA
20050527	NA
20050528	NA
20050529	NA
20050530	NA
20050531	NA
20050601	NA
20050602	NA
20050603	NA
20050604	NA
20050605	NA
20050606	NA
20050607	NA
20050608	NA
20050609	NA
20050610	NA
20050611	NA
20050612	NA
20050613	NA
20050614	NA
20050615	NA
20050616	NA
20050617	NA
20050618	NA
20050619	NA
20050620	NA
20050621	NA
20050622	NA
20050623	NA
20050624	NA
20050625	NA
20050626	NA
20050627	NA
20050628	NA
20050629	NA
20050630	NA
20050701	NA
20050702	NA
20050703	NA
20050704	NA
20050705	NA
20050706	NA
20050707	NA
20050708	NA
20050709	NA
20050710	NA
20050711	NA
20050712	NA
20050713	NA
20050714	NA
20050715	NA
20050716	NA
20050717	NA
20050718	NA
20050719	NA
20050720	NA
20050721	NA
20050722	NA
20050723	NA
20050724	NA
20050725	NA
20050726	NA
20050727	NA
20050728	NA
20050729	NA
20050730	NA
20050731	NA
20050801	NA
20050802	NA
20050803	NA
20050804	NA
20050805	NA
20050806	NA
20050807	NA
20050808	NA
20050809	NA
20050810	NA
20050811	NA
20050812	NA
20050813	NA
20050814	NA
20050815	NA
20050816	NA
20050817	NA
20050818	NA
20050819	NA
20050820	NA
20050821	NA
20050822	NA
20050823	NA
20050824	NA
20050825	NA
20050826	NA
20050827	NA
20050828	NA
20050829	NA
20050830	NA
20050831	NA
20050901	NA
20050902	NA
20050903	NA
20050904	NA
20050905	NA
20050906	NA
20050907	NA
20050908	NA
20050909	NA
20050910	NA
20050911	NA
20050912	NA
20050913	NA
20050914	NA
20050915	NA
20050916	NA
20050917	NA
20050918	NA
20050919	NA
20050920	NA
20050921	NA
20050922	NA
20050923	NA
20050924	NA
20050925	NA
20050926	NA
20050927	NA
20050928	NA
20050929	NA
20050930	NA
20051001	NA
20051002	NA
20051003	NA
20051004	NA
20051005	NA
20051006	NA
20051007	NA
20051008	NA
20051009	NA
20051010	NA
20051011	NA
20051012	NA
20051013	NA
20051014	13.7333333333333
20051015	15.05
20051016	16.075
20051017	16.6916666666667
20051018	17.6416666666667
20051019	NA
20051020	NA
20051021	17.9866666666667
20051022	17.0294117647059
20051023	16.6086956521739
20051024	13.9791666666667
20051025	14.6473684210526
20051026	14.3619047619048
20051027	NA
20051028	16.5958333333333
20051029	15.7458333333333
20051030	16.5291666666667
20051031	17.3958333333333
20051101	16.7947368421053
20051102	18.2
20051103	17.7
20051104	17.3666666666667
20051105	17.4260869565217
20051106	17.156
20051107	17.2875
20051108	13.26
20051109	NA
20051110	NA
20051111	NA
20051112	NA
20051113	NA
20051114	NA
20051115	NA
20051116	NA
20051117	NA
20051118	NA
20051119	29.2411764705882
20051120	27.0083333333333
20051121	25.8
20051122	27.7458333333333
20051123	27.5434782608696
20051124	25.868
20051125	23.825
20051126	27.5782608695652
20051127	27.1478260869565
20051128	26.7173913043478
20051129	26.8291666666667
20051130	27.1208333333333
20051201	27.0416666666667
20051202	27.075
20051203	26.925
20051204	26.6416666666667
20051205	27.0666666666667
20051206	27.4083333333333
20051207	27.225
20051208	26.6782608695652
20051209	27.064
20051210	26.6208333333333
20051211	23.9521739130435
20051212	26.872
20051213	27.3208333333333
20051214	26.6125
20051215	26.7318181818182
20051216	27.3863636363636
20051217	26.504347826087
20051218	27.0166666666667
20051219	26.2083333333333
20051220	25.8695652173913
20051221	26.1125
20051222	26.3458333333333
20051223	26.8083333333333
20051224	26.9652173913043
20051225	26.856
20051226	26.1086956521739
20051227	26.2166666666667
20051228	26.0347826086957
20051229	25.4782608695652
20051230	25.3291666666667
20051231	25.3695652173913
20060101	25.9695652173913
20060102	26.1875
20060103	26.7583333333333
20060104	27.3541666666667
20060105	25.6708333333333
20060106	25.7434782608696
20060107	26.3583333333333
20060108	26.575
20060109	25.85
20060110	25.8916666666667
20060111	26.1857142857143
20060112	26.8541666666667
20060113	27.0708333333333
20060114	27.7041666666667
20060115	28.3958333333333
20060116	27.5583333333333
20060117	27.6391304347826
20060118	NA
20060119	26.4304347826087
20060120	26.3625
20060121	27.2833333333333
20060122	28.7125
20060123	28.325
20060124	28.2833333333333
20060125	27.1695652173913
20060126	27.488
20060127	26.2791666666667
20060128	25.1208333333333
20060129	24.4333333333333
20060130	26.9652173913043
20060131	27.525
20060201	27.1916666666667
20060202	27.8347826086957
20060203	27.9083333333333
20060204	27.7565217391304
20060205	26.775
20060206	21.8909090909091
20060207	NA
20060208	NA
20060209	NA
20060210	29.5066666666667
20060211	27.1791666666667
20060212	27.4583333333333
20060213	27.5
20060214	27.94
20060215	27.0083333333333
20060216	27.1416666666667
20060217	27.5958333333333
20060218	26.2958333333333
20060219	27.4291666666667
20060220	26.8583333333333
20060221	25.235
20060222	27.9625
20060223	28.9583333333333
20060224	28.1125
20060225	27.6791666666667
20060226	27.8625
20060227	28.504347826087
20060228	28.0916666666667
20060301	28.7
20060302	27.64
20060303	30.0583333333333
20060304	29.8375
20060305	28.4791666666667
20060306	26.425
20060307	26.1416666666667
20060308	26.5727272727273
20060309	24.45
20060310	26.695652173913
20060311	26.9541666666667
20060312	26.9625
20060313	27.2875
20060314	27.1291666666667
20060315	28.7458333333333
20060316	27.2583333333333
20060317	26.95
20060318	27.6083333333333
20060319	28.1125
20060320	25.2833333333333
20060321	26.0782608695652
20060322	25.6583333333333
20060323	26.5208333333333
20060324	28.1916666666667
20060325	28.0541666666667
20060326	25.0291666666667
20060327	24.6333333333333
20060328	26.5913043478261
20060329	27.8958333333333
20060330	27.3458333333333
20060331	27.8458333333333
20060401	28.947619047619
20060402	NA
20060403	NA
20060404	NA
20060405	NA
20060406	NA
20060407	NA
20060408	NA
20060409	28.1458333333333
20060410	28.1333333333333
20060411	28.2391304347826
20060412	28.5208333333333
20060413	24.5541666666667
20060414	24.9208333333333
20060415	26.15
20060416	27.804347826087
20060417	25.5833333333333
20060418	27.5375
20060419	27.1416666666667
20060420	28.2347826086957
20060421	28.2666666666667
20060422	28.7291666666667
20060423	25.3666666666667
20060424	27.1541666666667
20060425	27.4458333333333
20060426	24.8083333333333
20060427	27
20060428	25.725
20060429	26.3291666666667
20060430	27.2458333333333
20060501	27.9666666666667
20060502	27.4625
20060503	24.7541666666667
20060504	26.3083333333333
20060505	25.7083333333333
20060506	24.65
20060507	26.0333333333333
20060508	26.4416666666667
20060509	25.925
20060510	25.9625
20060511	25.4125
20060512	26.625
20060513	27.4958333333333
20060514	27.3708333333333
20060515	26.2958333333333
20060516	26.6826086956522
20060517	26.447619047619
20060518	25.4875
20060519	24.3958333333333
20060520	21.52
20060521	NA
20060522	NA
20060523	27.3
20060524	24.4782608695652
20060525	27.1041666666667
20060526	25.7625
20060527	26.5666666666667
20060528	26.5291666666667
20060529	24.4
20060530	28.0458333333333
20060531	27.1416666666667
20060601	25.5208333333333
20060602	26.5
20060603	26.204347826087
20060604	27.5416666666667
20060605	26.4
20060606	27.3416666666667
20060607	25.9875
20060608	23.7958333333333
20060609	25.0583333333333
20060610	26.1875
20060611	25.3375
20060612	NA
20060613	26.5695652173913
20060614	23.5652173913043
20060615	25.8090909090909
20060616	27.4826086956522
20060617	26.7347826086957
20060618	26.8458333333333
20060619	26.35
20060620	27.4458333333333
20060621	25.4375
20060622	24.8083333333333
20060623	27.3666666666667
20060624	27.2958333333333
20060625	25.6
20060626	26.05
20060627	26.1541666666667
20060628	26.125
20060629	26.9208333333333
20060630	27.9458333333333
20060701	28.0125
20060702	27.4833333333333
20060703	25.1708333333333
20060704	24.9833333333333
20060705	26.0695652173913
20060706	24.475
20060707	25.8416666666667
20060708	27.1434782608696
20060709	27.7541666666667
20060710	24.5458333333333
20060711	26.2208333333333
20060712	25.7058823529412
20060713	27.55
20060714	24.7529411764706
20060715	25.12
20060716	26.0538461538462
20060717	25.095652173913
20060718	25.775
20060719	23.7846153846154
20060720	NA
20060721	27.4111111111111
20060722	24.5208333333333
20060723	26.5625
20060724	25.6869565217391
20060725	24.584
20060726	27.0125
20060727	26.1791666666667
20060728	22.95
20060729	24.8708333333333
20060730	26.8086956521739
20060731	26.7208333333333
20060801	26.0625
20060802	27.1375
20060803	26.25
20060804	25.8666666666667
20060805	27.2791666666667
20060806	27.4565217391304
20060807	24.7888888888889
20060808	26.3409090909091
20060809	27.236
20060810	27.4173913043478
20060811	22.7619047619048
20060812	24.2708333333333
20060813	27.7125
20060814	28.925
20060815	28.1333333333333
20060816	25.0916666666667
20060817	26.3772727272727
20060818	26.95
20060819	25.3416666666667
20060820	24.8875
20060821	26.65
20060822	26.15
20060823	27.8708333333333
20060824	25.2958333333333
20060825	25.9833333333333
20060826	27.3083333333333
20060827	27.5708333333333
20060828	26.525
20060829	26.2041666666667
20060830	25.9
20060831	27.4166666666667
20060901	28.1166666666667
20060902	28.5041666666667
20060903	29.2291666666667
20060904	25.975
20060905	27.0208333333333
20060906	26.9916666666667
20060907	26.4208333333333
20060908	26.3666666666667
20060909	28.1708333333333
20060910	27.447619047619
20060911	25.3166666666667
20060912	26.4208333333333
20060913	27.4791666666667
20060914	28.3173913043478
20060915	28.475
20060916	24.875
20060917	25.895652173913
20060918	25.4478260869565
20060919	27.2545454545455
20060920	28.3782608695652
20060921	28.7260869565217
20060922	28.11
20060923	27.8652173913043
20060924	26.375
20060925	26.6458333333333
20060926	27.352380952381
20060927	28.9083333333333
20060928	28.9
20060929	27.0434782608696
20060930	28.0260869565217
20061001	26.7875
20061002	26.8791666666667
20061003	27.0583333333333
20061004	27.4541666666667
20061005	27.7391304347826
20061006	28.3583333333333
20061007	29.2869565217391
20061008	27.5791666666667
20061009	25.3541666666667
20061010	28.3833333333333
20061011	26.6952380952381
20061012	28.4083333333333
20061013	28.8789473684211
20061014	28.89375
20061015	27.3
20061016	27.8434782608696
20061017	26.2260869565217
20061018	27.4291666666667
20061019	26.8083333333333
20061020	25.6458333333333
20061021	26.4391304347826
20061022	28.1583333333333
20061023	24.9708333333333
20061024	22.4888888888889
20061025	28.25
20061026	26.6166666666667
20061027	27.0818181818182
20061028	28.2083333333333
20061029	28.0458333333333
20061030	28.947619047619
20061031	28.6916666666667
20061101	27.9041666666667
20061102	27.5260869565217
20061103	28.1695652173913
20061104	27.8958333333333
20061105	28.4
20061106	28.4782608695652
20061107	27.9416666666667
20061108	27.6625
20061109	26.3272727272727
20061110	NA
20061111	NA
20061112	NA
20061113	23.8695652173913
20061114	26.4375
20061115	25.5086956521739
20061116	26.9791666666667
20061117	24.55
20061118	22.9888888888889
20061119	NA
20061120	NA
20061121	NA
20061122	25.1333333333333
20061123	27.9291666666667
20061124	27.8958333333333
20061125	27.4666666666667
20061126	28.25
20061127	27.7235294117647
20061128	27.2047619047619
20061129	26.3954545454545
20061130	29.0176470588235
20061201	27.6458333333333
20061202	27.3130434782609
20061203	27.7916666666667
20061204	26.8708333333333
20061205	27.5666666666667
20061206	27.9153846153846
20061207	NA
20061208	NA
20061209	28.2272727272727
20061210	27.5958333333333
20061211	26.9333333333333
20061212	26.8166666666667
20061213	26.7136363636364
20061214	27.0260869565217
20061215	28.1571428571429
20061216	28.0052631578947
20061217	25.7428571428571
20061218	27.2608695652174
20061219	27.4652173913043
20061220	27.9954545454545
20061221	29.2666666666667
20061222	27.225
20061223	25.5875
20061224	26.6291666666667
20061225	26.8913043478261
20061226	26.908
20061227	26.65
20061228	27.3083333333333
20061229	27.5916666666667
20061230	26.625
20061231	27.0333333333333
20070101	27.8166666666667
20070102	27.5291666666667
20070103	27.1727272727273
20070104	26.6083333333333
20070105	26.9045454545455
20070106	26.5375
20070107	26.4166666666667
20070108	26.847619047619
20070109	28.3473684210526
20070110	27.8625
20070111	28.2625
20070112	28.0041666666667
20070113	27.3791666666667
20070114	28.2375
20070115	27.6541666666667
20070116	27.5590909090909
20070117	27.5875
20070118	28.4041666666667
20070119	27.7
20070120	28.1260869565217
20070121	28.1304347826087
20070122	28.125
20070123	28.1833333333333
20070124	28.0583333333333
20070125	28.0041666666667
20070126	27.9083333333333
20070127	28.3458333333333
20070128	28.6958333333333
20070129	28.7583333333333
20070130	28.775
20070131	28.6208333333333
20070201	27.6875
20070202	27.6
20070203	27.4125
20070204	28.5565217391304
20070205	28.14
20070206	27.6565217391304
20070207	27.7791666666667
20070208	28.2565217391304
20070209	28.2708333333333
20070210	28.5208333333333
20070211	29.2208333333333
20070212	29.0166666666667
20070213	28.7875
20070214	29.25
20070215	29.7958333333333
20070216	29.3791666666667
20070217	29.8625
20070218	30.0708333333333
20070219	29.4541666666667
20070220	29.1347826086957
20070221	29.05
20070222	28.3125
20070223	27.9565217391304
20070224	30.2291666666667
20070225	25.6875
20070226	28.95
20070227	29.65
20070228	30.1083333333333
20070301	28.6083333333333
20070302	29.5473684210526
20070303	29.875
20070304	28.8833333333333
20070305	29.0541666666667
20070306	29.1666666666667
20070307	29.675
20070308	29.4625
20070309	27.8047619047619
20070310	28.6086956521739
20070311	29.9625
20070312	29.0416666666667
20070313	29.4125
20070314	30.0823529411765
20070315	31.4777777777778
20070316	29.3
20070317	25.6
20070318	NA
20070319	NA
20070320	30.1611111111111
20070321	30.1125
20070322	30.24
20070323	32.3
20070324	30.3291666666667
20070325	25.175
20070326	27.2875
20070327	27.4125
20070328	28.9208333333333
20070329	24.7130434782609
20070330	28.3333333333333
20070331	26.6458333333333
20070401	27.0375
20070402	26.1875
20070403	26.0541666666667
20070404	26.9130434782609
20070405	26.3666666666667
20070406	24.8125
20070407	NA
20070408	NA
20070409	NA
20070410	NA
20070411	NA
20070412	NA
20070413	NA
20070414	NA
20070415	NA
20070416	NA
20070417	NA
20070418	NA
20070419	NA
20070420	NA
20070421	NA
20070422	NA
20070423	NA
20070424	NA
20070425	NA
20070426	NA
20070427	NA
20070428	NA
20070429	NA
20070430	NA
20070501	NA
20070502	NA
20070503	NA
20070504	NA
20070505	NA
20070506	NA
20070507	NA
20070508	NA
20070509	NA
20070510	NA
20070511	NA
20070512	NA
20070513	NA
20070514	NA
20070515	NA
20070516	NA
20070517	NA
20070518	NA
20070519	NA
20070520	NA
20070521	NA
20070522	NA
20070523	NA
20070524	NA
20070525	NA
20070526	NA
20070527	NA
20070528	NA
20070529	NA
20070530	NA
20070531	NA
20070601	NA
20070602	NA
20070603	NA
20070604	NA
20070605	NA
20070606	NA
20070607	NA
20070608	NA
20070609	NA
20070610	NA
20070611	NA
20070612	NA
20070613	NA
20070614	NA
20070615	NA
20070616	NA
20070617	NA
20070618	NA
20070619	NA
20070620	NA
20070621	NA
20070622	NA
20070623	NA
20070624	NA
20070625	NA
20070626	NA
20070627	NA
20070628	NA
20070629	NA
20070630	NA
20070701	NA
20070702	NA
20070703	NA
20070704	NA
20070705	NA
20070706	NA
20070707	NA
20070708	NA
20070709	NA
20070710	NA
20070711	NA
20070712	NA
20070713	NA
20070714	NA
20070715	NA
20070716	NA
20070717	NA
20070718	NA
20070719	NA
20070720	NA
20070721	NA
20070722	NA
20070723	NA
20070724	NA
20070725	NA
20070726	NA
20070727	NA
20070728	NA
20070729	NA
20070730	NA
20070731	NA
20070801	NA
20070802	NA
20070803	NA
20070804	NA
20070805	NA
20070806	NA
20070807	NA
20070808	NA
20070809	NA
20070810	NA
20070811	NA
20070812	NA
20070813	NA
20070814	NA
20070815	NA
20070816	NA
20070817	NA
20070818	NA
20070819	NA
20070820	NA
20070821	NA
20070822	NA
20070823	NA
20070824	NA
20070825	NA
20070826	NA
20070827	NA
20070828	NA
20070829	NA
20070830	NA
20070831	NA
20070901	NA
20070902	NA
20070903	NA
20070904	NA
20070905	NA
20070906	NA
20070907	NA
20070908	NA
20070909	NA
20070910	NA
20070911	NA
20070912	NA
20070913	NA
20070914	NA
20070915	NA
20070916	NA
20070917	NA
20070918	NA
20070919	NA
20070920	NA
20070921	NA
20070922	NA
20070923	NA
20070924	NA
20070925	NA
20070926	NA
20070927	NA
20070928	NA
20070929	NA
20070930	NA
20071001	NA
20071002	NA
20071003	NA
20071004	NA
20071005	NA
20071006	NA
20071007	NA
20071008	NA
20071009	NA
20071010	NA
20071011	NA
20071012	NA
20071013	NA
20071014	NA
20071015	NA
20071016	NA
20071017	NA
20071018	NA
20071019	NA
20071020	NA
20071021	NA
20071022	NA
20071023	NA
20071024	NA
20071025	NA
20071026	NA
20071027	NA
20071028	NA
20071029	NA
20071030	NA
20071031	NA
20071101	NA
20071102	NA
20071103	NA
20071104	NA
20071105	NA
20071106	NA
20071107	NA
20071108	NA
20071109	NA
20071110	NA
20071111	NA
20071112	NA
20071113	NA
20071114	NA
20071115	NA
20071116	NA
20071117	NA
20071118	NA
20071119	NA
20071120	NA
20071121	NA
20071122	NA
20071123	NA
20071124	NA
20071125	NA
20071126	NA
20071127	NA
20071128	NA
20071129	NA
20071130	NA
20071201	NA
20071202	NA
20071203	NA
20071204	NA
20071205	NA
20071206	NA
20071207	NA
20071208	NA
20071209	NA
20071210	NA
20071211	NA
20071212	NA
20071213	NA
20071214	NA
20071215	NA
20071216	NA
20071217	NA
20071218	NA
20071219	NA
20071220	NA
20071221	NA
20071222	NA
20071223	NA
20071224	NA
20071225	NA
20071226	NA
20071227	NA
20071228	NA
20071229	NA
20071230	NA
20071231	NA
20080101	NA
20080102	NA
20080103	NA
20080104	NA
20080105	NA
20080106	NA
20080107	NA
20080108	NA
20080109	NA
20080110	NA
20080111	NA
20080112	NA
20080113	NA
20080114	NA
20080115	NA
20080116	NA
20080117	NA
20080118	NA
20080119	NA
20080120	NA
20080121	NA
20080122	NA
20080123	NA
20080124	NA
20080125	NA
20080126	NA
20080127	NA
20080128	NA
20080129	NA
20080130	NA
20080131	NA
20080201	NA
20080202	NA
20080203	NA
20080204	NA
20080205	NA
20080206	NA
20080207	NA
20080208	NA
20080209	NA
20080210	NA
20080211	NA
20080212	NA
20080213	NA
20080214	NA
20080215	NA
20080216	NA
20080217	NA
20080218	NA
20080219	NA
20080220	NA
20080221	NA
20080222	NA
20080223	NA
20080224	NA
20080225	NA
20080226	NA
20080227	NA
20080228	NA
20080229	NA
20080301	NA
20080302	NA
20080303	NA
20080304	NA
20080305	NA
20080306	NA
20080307	NA
20080308	NA
20080309	NA
20080310	NA
20080311	NA
20080312	NA
20080313	NA
20080314	NA
20080315	30.2
20080316	27.9086956521739
20080317	28.9625
20080318	27.5416666666667
20080319	27.0083333333333
20080320	27.6541666666667
20080321	27.6166666666667
20080322	28.0833333333333
20080323	28.4375
20080324	29.2695652173913
20080325	29.4791666666667
20080326	28.9125
20080327	28.2166666666667
20080328	28.3583333333333
20080329	28.8916666666667
20080330	29.125
20080331	158.292
20080401	28.0583333333333
20080402	28.8666666666667
20080403	28.9210526315789
20080404	30.2333333333333
20080405	28.2208333333333
20080406	29.1478260869565
20080407	29.204
20080408	30.4375
20080409	30.2695652173913
20080410	29.48
20080411	27.8791666666667
20080412	26.45
20080413	29.1
20080414	27.6375
20080415	27.7416666666667
20080416	29.8333333333333
20080417	30.125
20080418	23.7333333333333
20080419	27.904347826087
20080420	29.0125
20080421	29.8958333333333
20080422	28.0875
20080423	27.0625
20080424	28.0416666666667
20080425	25.9521739130435
20080426	28.4
20080427	25.924
20080428	28.2913043478261
20080429	28.8416666666667
20080430	28.7958333333333
20080501	28.9291666666667
20080502	27.5125
20080503	25.1041666666667
20080504	26.35
20080505	26.0291666666667
20080506	27.6875
20080507	26.3470588235294
20080508	26.8777777777778
20080509	27.7809523809524
20080510	28.195652173913
20080511	29.025
20080512	25.9333333333333
20080513	27.6952380952381
20080514	28.2047619047619
20080515	26.4863636363636
20080516	25.4136363636364
20080517	25.5782608695652
20080518	26.096
20080519	25.7416666666667
20080520	26.7
20080521	26.1958333333333
20080522	28.2833333333333
20080523	27.6541666666667
20080524	24.6181818181818
20080525	26.7333333333333
20080526	25.3818181818182
20080527	27.18
20080528	26.3739130434783
20080529	25.304347826087
20080530	25.8083333333333
20080531	27.3583333333333
20080601	27.0478260869565
20080602	26.2791666666667
20080603	26.325
20080604	27.1666666666667
20080605	25.3708333333333
20080606	27.75
20080607	25.5555555555556
20080608	30.7125
20080609	28.7692307692308
20080610	28.6416666666667
20080611	26.9578947368421
20080612	26.7904761904762
20080613	28.5291666666667
20080614	27.7166666666667
20080615	25.5916666666667
20080616	26.4291666666667
20080617	25.3565217391304
20080618	26.0333333333333
20080619	27.6315789473684
20080620	26.615
20080621	24.7380952380952
20080622	26.0583333333333
20080623	27.1235294117647
20080624	25.4083333333333
20080625	24.4722222222222
20080626	26.3533333333333
20080627	28.72
20080628	24.4705882352941
20080629	24.8
20080630	27.2066666666667
20080701	27.0444444444444
20080702	27.1272727272727
20080703	27.2583333333333
20080704	26.8
20080705	27.4090909090909
20080706	27.7888888888889
20080707	NA
20080708	24.96
20080709	28.8555555555556
20080710	23.2636363636364
20080711	26.6083333333333
20080712	26.7230769230769
20080713	25.89375
20080714	26.85
20080715	26.1444444444444
20080716	24.54
20080717	27
20080718	25.79375
20080719	26.1636363636364
20080720	24.75
20080721	26.7181818181818
20080722	26.75
20080723	26.8571428571429
20080724	25.8615384615385
20080725	25.9375
20080726	24.2066666666667
20080727	27.38125
20080728	26.1923076923077
20080729	28.0894736842105
20080730	26.8789473684211
20080731	29.42
20080801	25.8411764705882
20080802	24.9666666666667
20080803	NA
20080804	NA
20080805	NA
20080806	NA
20080807	NA
20080808	NA
20080809	NA
20080810	NA
20080811	NA
20080812	NA
20080813	NA
20080814	NA
20080815	NA
20080816	NA
20080817	NA
20080818	NA
20080819	NA
20080820	NA
20080821	NA
20080822	NA
20080823	NA
20080824	NA
20080825	NA
20080826	NA
20080827	NA
20080828	NA
20080829	NA
20080830	NA
20080831	NA
20080901	27.7565217391304
20080902	27.7833333333333
20080903	28.0875
20080904	25.4916666666667
20080905	27.8260869565217
20080906	28.5958333333333
20080907	26.3041666666667
20080908	24.725
20080909	25.2708333333333
20080910	27.3416666666667
20080911	23.7428571428571
20080912	26.5375
20080913	28.1
20080914	28.3166666666667
20080915	25
20080916	26.5166666666667
20080917	26.7041666666667
20080918	26.3086956521739
20080919	26.7818181818182
20080920	28.2708333333333
20080921	28.1791666666667
20080922	24.8333333333333
20080923	26.5695652173913
20080924	27.5583333333333
20080925	26.1583333333333
20080926	161.995833333333
20080927	28.3041666666667
20080928	28.7083333333333
20080929	27.1375
20080930	28.0478260869565
20081001	27.8208333333333
20081002	28.125
20081003	28.2375
20081004	28.8666666666667
20081005	26.275
20081006	28.0478260869565
20081007	24.08
20081008	26.3875
20081009	28.1125
20081010	26.5
20081011	26.8708333333333
20081012	28.2
20081013	27.8541666666667
20081014	26.1272727272727
20081015	27.1913043478261
20081016	28.0041666666667
20081017	27.0375
20081018	28.5041666666667
20081019	28.6166666666667
20081020	27.6478260869565
20081021	27.895652173913
20081022	27.8375
20081023	28.8791666666667
20081024	28.9166666666667
20081025	27.475
20081026	27.3666666666667
20081027	27.2333333333333
20081028	25.0521739130435
20081029	27.58
20081030	27.5714285714286
20081031	26.9166666666667
20081101	26.2375
20081102	25.3791666666667
20081103	25.8
20081104	25.7125
20081105	26.7375
20081106	27.9291666666667
20081107	28.0708333333333
20081108	28.3875
20081109	28.3208333333333
20081110	28.675
20081111	29.0333333333333
20081112	29.0666666666667
20081113	27.0291666666667
20081114	27.6041666666667
20081115	28.0347826086957
20081116	27.0625
20081117	27.7041666666667
20081118	26.4125
20081119	26.2458333333333
20081120	26.475
20081121	25.9666666666667
20081122	25.0666666666667
20081123	25.6913043478261
20081124	25.684
20081125	26.8695652173913
20081126	22.9916666666667
20081127	26.7708333333333
20081128	27.5583333333333
20081129	27.4458333333333
20081130	27.4666666666667
20081201	28.4
20081202	27.5375
20081203	27.0125
20081204	26.8416666666667
20081205	26.9785714285714
20081206	27.0826086956522
20081207	26.0142857142857
20081208	28.3714285714286
20081209	27.7578947368421
20081210	26.7304347826087
20081211	26.3565217391304
20081212	26.9458333333333
20081213	27.3214285714286
20081214	27.5473684210526
20081215	26.4666666666667
20081216	21.4
20081217	NA
20081218	NA
20081219	NA
20081220	NA
20081221	NA
20081222	NA
20081223	NA
20081224	25.9291666666667
20081225	26.3590909090909
20081226	26.1125
20081227	26.4318181818182
20081228	25.8958333333333
20081229	25.9391304347826
20081230	26.1958333333333
20081231	26.4666666666667
20090101	26.3583333333333
20090102	27.1130434782609
20090103	27.764
20090104	27.75
20090105	24.26
20090106	NA
20090107	NA
20090108	NA
20090109	NA
20090110	26.1833333333333
20090111	26.0391304347826
20090112	24.5307692307692
20090113	26.8166666666667
20090114	25.6791666666667
20090115	26.1416666666667
20090116	26.6086956521739
20090117	27.06
20090118	28.3304347826087
20090119	27.8958333333333
20090120	25.744
20090121	26.8590909090909
20090122	27.4913043478261
20090123	26.2416666666667
20090124	27.0869565217391
20090125	26.8166666666667
20090126	26.4291666666667
20090127	25.9809523809524
20090128	26.5
20090129	26.7166666666667
20090130	27.4458333333333
20090131	23.2130434782609
20090201	26.58
20090202	27.1375
20090203	27.075
20090204	26.8
20090205	27.795652173913
20090206	27.0833333333333
20090207	26.5416666666667
20090208	26.2458333333333
20090209	27.0666666666667
20090210	28.2541666666667
20090211	26.4347826086957
20090212	26.7739130434783
20090213	27.3833333333333
20090214	26.3625
20090215	26.1736842105263
20090216	28.1642857142857
20090217	27.3166666666667
20090218	27.0434782608696
20090219	27.4875
20090220	26.1333333333333
20090221	27.0916666666667
20090222	27.5875
20090223	27.8
20090224	26.6521739130435
20090225	27.8913043478261
20090226	27.252380952381
20090227	27.4681818181818
20090228	28.55
20090301	28.2458333333333
20090302	28.7173913043478
20090303	27.48
20090304	27.1869565217391
20090305	29.2291666666667
20090306	28.1541666666667
20090307	27.1521739130435
20090308	27.75
20090309	25.9818181818182
20090310	26.7782608695652
20090311	26.2272727272727
20090312	27.7083333333333
20090313	28.0416666666667
20090314	28.65
20090315	27.8833333333333
20090316	26.7083333333333
20090317	26.5708333333333
20090318	27.6916666666667
20090319	28.4041666666667
20090320	27.0611111111111
20090321	26.4571428571429
20090322	24.6363636363636
20090323	27.6933333333333
20090324	27.8125
20090325	28
20090326	28.8416666666667
20090327	28.2333333333333
20090328	24.47
20090329	24.5142857142857
20090330	28.1791666666667
20090331	27.9375
20090401	28.5583333333333
20090402	27.3173913043478
20090403	27.9041666666667
20090404	28.8045454545455
20090405	28.5208333333333
20090406	29.0916666666667
20090407	29.1291666666667
20090408	24.6666666666667
20090409	26.4125
20090410	27.3454545454545
20090411	27.6375
20090412	28.4739130434783
20090413	28.2291666666667
20090414	28.1666666666667
20090415	28.375
20090416	28.4
20090417	25.2583333333333
20090418	27.3166666666667
20090419	25.6958333333333
20090420	23.6541666666667
20090421	27.2375
20090422	25.4708333333333
20090423	26.6416666666667
20090424	27.5666666666667
20090425	27.5916666666667
20090426	27.7208333333333
20090427	28.3130434782609
20090428	25.6583333333333
20090429	27.0391304347826
20090430	26.344
20090501	24.55
20090502	26.9708333333333
20090503	25.9833333333333
20090504	26.1791666666667
20090505	27.7583333333333
20090506	27.4208333333333
20090507	27.5916666666667
20090508	25.7083333333333
20090509	25.8875
20090510	28.1416666666667
20090511	27.8916666666667
20090512	163.833333333333
20090513	28.5833333333333
20090514	28.15
20090515	27.3125
20090516	27.8875
20090517	27.5541666666667
20090518	25.7333333333333
20090519	27.1583333333333
20090520	28.2125
20090521	26.8875
20090522	28.4583333333333
20090523	29.2041666666667
20090524	27.375
20090525	28.3608695652174
20090526	28.612
20090527	28.8708333333333
20090528	25.9375
20090529	25.8
20090530	28
20090531	27.8208333333333
20090601	28.8583333333333
20090602	29.0916666666667
20090603	25.8541666666667
20090604	26.2666666666667
20090605	25.2083333333333
20090606	27.2666666666667
20090607	23.3916666666667
20090608	26.5625
20090609	27.8791666666667
20090610	25.6833333333333
20090611	28.125
20090612	24.9458333333333
20090613	25.8190476190476
20090614	25.41
20090615	29.62
20090616	28.5
20090617	25.725
20090618	28.0625
20090619	27.125
20090620	27.0208333333333
20090621	25.9625
20090622	26.325
20090623	23.1333333333333
20090624	27.2625
20090625	24.15
20090626	26.6208333333333
20090627	27.4375
20090628	25.3208333333333
20090629	27.6333333333333
20090630	27.1791666666667
20090701	24.6375
20090702	25.075
20090703	23.7625
20090704	25.0333333333333
20090705	27.3875
20090706	25.8458333333333
20090707	27.5791666666667
20090708	26.2583333333333
20090709	26.7375
20090710	26.6916666666667
20090711	24.1958333333333
20090712	25.3086956521739
20090713	27.048
20090714	26.1130434782609
20090715	26.6083333333333
20090716	26.0708333333333
20090717	24.3208333333333
20090718	27.2130434782609
20090719	28.8
20090720	28.8478260869565
20090721	24.1666666666667
20090722	27.1583333333333
20090723	25.904347826087
20090724	28.04
20090725	28.9333333333333
20090726	25.3166666666667
20090727	28.0583333333333
20090728	24.3416666666667
20090729	27.0583333333333
20090730	26.19
20090731	27.1833333333333
20090801	25.7458333333333
20090802	27.1391304347826
20090803	28.356
20090804	25.6708333333333
20090805	27.5125
20090806	25.4416666666667
20090807	26.9666666666667
20090808	26.0666666666667
20090809	23.8333333333333
20090810	26.39
20090811	26.7173913043478
20090812	26.8
20090813	27.7958333333333
20090814	27.3333333333333
20090815	29.075
20090816	28.8083333333333
20090817	24.875
20090818	27.0625
20090819	28.4541666666667
20090820	28.3142857142857
20090821	27.0083333333333
20090822	28.5708333333333
20090823	27.0125
20090824	26.5833333333333
20090825	28.0625
20090826	25.7125
20090827	27.5208333333333
20090828	26.75
20090829	27.8833333333333
20090830	26.2583333333333
20090831	28.1791666666667
20090901	28.2875
20090902	28.1583333333333
20090903	29.3541666666667
20090904	28.1875
20090905	29.1958333333333
20090906	30.0375
20090907	28.9875
20090908	27.1916666666667
20090909	27.4958333333333
20090910	28.5391304347826
20090911	26.0375
20090912	26.8666666666667
20090913	27.3642857142857
20090914	28.2
20090915	26.0833333333333
20090916	27.375
20090917	25.1458333333333
20090918	28.0791666666667
20090919	29.275
20090920	26.8916666666667
20090921	26.3166666666667
20090922	26.7631578947368
20090923	28.2458333333333
20090924	27.9791666666667
20090925	27.95
20090926	26.9041666666667
20090927	27.225
20090928	27.2208333333333
20090929	28.675
20090930	29.5333333333333
20091001	29.0739130434783
20091002	27.5625
20091003	24.0916666666667
20091004	27.8208333333333
20091005	27.9130434782609
20091006	28.9
20091007	28.147619047619
20091008	27.1958333333333
20091009	28.7083333333333
20091010	27.5947368421053
20091011	26.9
20091012	27.6791666666667
20091013	27.3565217391304
20091014	27.6086956521739
20091015	27.0227272727273
20091016	24.5875
20091017	27.3791666666667
20091018	28.2727272727273
20091019	27.6130434782609
20091020	27.0666666666667
20091021	28.0318181818182
20091022	28.1666666666667
20091023	26.7304347826087
20091024	25.8
20091025	27.3181818181818
20091026	28.075
20091027	27.4227272727273
20091028	26.05
20091029	26.9666666666667
20091030	26.03125
20091031	24.8882352941176
20091101	28.5636363636364
20091102	28.5473684210526
20091103	27.2615384615385
20091104	28.2333333333333
20091105	28.9333333333333
20091106	28.4416666666667
20091107	28.8714285714286
20091108	28.6153846153846
20091109	28.4176470588235
20091110	28.1952380952381
20091111	28.805
20091112	27.552380952381
20091113	28.265
20091114	23.7173913043478
20091115	27.5619047619048
20091116	29.3928571428571
20091117	28.46875
20091118	30.1388888888889
20091119	30.0333333333333
20091120	30.1533333333333
20091121	28.89375
20091122	28.9047619047619
20091123	28.7714285714286
20091124	28.3357142857143
20091125	31.4
20091126	30.22
20091127	28.1357142857143
20091128	29.1631578947368
20091129	29.3071428571429
20091130	NA
20091201	NA
20091202	NA
20091203	NA
20091204	NA
20091205	NA
20091206	NA
20091207	NA
20091208	NA
20091209	NA
20091210	NA
20091211	NA
20091212	NA
20091213	NA
20091214	27.3142857142857
20091215	27.1913043478261
20091216	27.1652173913043
20091217	28.1
20091218	NA
20091219	NA
20091220	NA
20091221	NA
20091222	NA
20091223	25.85
20091224	28.4708333333333
20091225	28.9458333333333
20091226	27.8076923076923
20091227	30.6235294117647
20091228	26.6666666666667
20091229	28.625
20091230	28.0541666666667
20091231	27.625
20100101	27.1083333333333
20100102	26.4727272727273
20100103	26.1208333333333
20100104	26.5333333333333
20100105	27.5217391304348
20100106	28.4208333333333
20100107	29.5375
20100108	28.6666666666667
20100109	NA
20100110	NA
20100111	NA
20100112	31.525
20100113	30.3666666666667
20100114	29.0260869565217
20100115	29.3875
20100116	29.815
20100117	28.7083333333333
20100118	170.221739130435
20100119	29.1625
20100120	29.1666666666667
20100121	29.575
20100122	28.8391304347826
20100123	29.3681818181818
20100124	32.6764705882353
20100125	28.8625
20100126	28.3875
20100127	29.5375
20100128	29.225
20100129	30.8842105263158
20100130	29.2869565217391
20100131	29.2625
20100201	31.09
20100202	30.9619047619048
20100203	27.0454545454545
20100204	30.5227272727273
20100205	31.0416666666667
20100206	31.1782608695652
20100207	31.7882352941176
20100208	31.5826086956522
20100209	29.5181818181818
20100210	30.7708333333333
20100211	29.9583333333333
20100212	28.69375
20100213	31.2833333333333
20100214	31.8041666666667
20100215	33.1166666666667
20100216	31.5866666666667
20100217	33.1076923076923
20100218	30.5666666666667
20100219	28.4791666666667
20100220	27.1083333333333
20100221	31.2304347826087
20100222	31.1041666666667
20100223	31.5782608695652
20100224	29.3090909090909
20100225	30.0086956521739
20100226	28.104347826087
20100227	30.9333333333333
20100228	32.16875
20100301	32.63
20100302	30.0217391304348
20100303	28.5291666666667
20100304	28.2333333333333
20100305	27.9782608695652
20100306	29.8041666666667
20100307	30.1083333333333
20100308	29.4260869565217
20100309	29.3238095238095
20100310	30.4227272727273
20100311	28.2583333333333
20100312	30.2583333333333
20100313	28.7458333333333
20100314	31.1166666666667
20100315	31.7304347826087
20100316	28.2833333333333
20100317	29.7625
20100318	26.9772727272727
20100319	28.3791666666667
20100320	28.05
20100321	28.3625
20100322	29.425
20100323	28.6695652173913
20100324	27.6526315789474
20100325	29.704347826087
20100326	29.9041666666667
20100327	30.2333333333333
20100328	29.6708333333333
20100329	29.025
20100330	28.6846153846154
20100331	30.425
20100401	29.3708333333333
20100402	30.05
20100403	27.5125
20100404	27.8875
20100405	24.6166666666667
20100406	28.5388888888889
20100407	25.6
20100408	27.5583333333333
20100409	26.1208333333333
20100410	25.4
20100411	28.0208333333333
20100412	28.6208333333333
20100413	26.0541666666667
20100414	28.2916666666667
20100415	26.8708333333333
20100416	25.1541666666667
20100417	27.9375
20100418	27.42
20100419	27.8318181818182
20100420	30.6736842105263
20100421	28.8583333333333
20100422	29.0217391304348
20100423	28.4458333333333
20100424	27.9652173913043
20100425	29.5791666666667
20100426	28.8391304347826
20100427	27.1
20100428	26.6
20100429	27.225
20100430	28.9416666666667
20100501	29.5260869565217
20100502	26.775
20100503	26.4375
20100504	28.6272727272727
20100505	28.2384615384615
20100506	29.8571428571429
20100507	27.9208333333333
20100508	26.525
20100509	27.1181818181818
20100510	29.1666666666667
20100511	25.4125
20100512	25.1333333333333
20100513	26.0833333333333
20100514	27.9875
20100515	28.0217391304348
20100516	29.2666666666667
20100517	26.5875
20100518	27.5166666666667
20100519	28.45
20100520	27.4958333333333
20100521	29.1333333333333
20100522	25.6208333333333
20100523	27.725
20100524	30.4789473684211
20100525	25.0652173913043
20100526	27.3434782608696
20100527	27.5791666666667
20100528	25.9818181818182
20100529	29.3190476190476
20100530	28.05
20100531	25.7875
20100601	26.5125
20100602	27.4125
20100603	27.0583333333333
20100604	25.2608695652174
20100605	27.7208333333333
20100606	27.3125
20100607	28.3208333333333
20100608	27.2478260869565
20100609	25.2173913043478
20100610	27.568
20100611	27.2
20100612	27.4857142857143
20100613	24.8125
20100614	24.6916666666667
20100615	27.8875
20100616	25.4208333333333
20100617	27.9291666666667
20100618	25.8416666666667
20100619	27.72
20100620	25.1208333333333
20100621	27.525
20100622	26.5166666666667
20100623	27.3583333333333
20100624	28.0125
20100625	24.9
20100626	27.3083333333333
20100627	27.6869565217391
20100628	27
20100629	24.9136363636364
20100630	28.3434782608696
20100701	25.4
20100702	25.6458333333333
20100703	27.0583333333333
20100704	27.2304347826087
20100705	26.888
20100706	25.3826086956522
20100707	25.4826086956522
20100708	25.3166666666667
20100709	27.2478260869565
20100710	28.1708333333333
20100711	24.2583333333333
20100712	27.2708333333333
20100713	27.475
20100714	28.2125
20100715	27.8958333333333
20100716	25.7291666666667
20100717	25.4083333333333
20100718	24.6083333333333
20100719	25.62
20100720	27.2
20100721	28.4857142857143
20100722	28.78
20100723	31.825
20100724	27.7
20100725	30.6285714285714
20100726	30.325
20100727	NA
20100728	32.8
20100729	30.05
20100730	28.3666666666667
20100731	33.3
20100801	27.3
20100802	NA
20100803	28.7
20100804	NA
20100805	NA
20100806	30.2
20100807	NA
20100808	30.9
20100809	NA
20100810	32.8
20100811	NA
20100812	32.6
20100813	31.7
20100814	NA
20100815	28.4
20100816	32.15
20100817	33.5
20100818	NA
20100819	31.55
20100820	30.04
20100821	NA
20100822	33.35
20100823	NA
20100824	NA
20100825	NA
20100826	32.4333333333333
20100827	30.6
20100828	32.1833333333333
20100829	32.78
20100830	33.1
20100831	31.525
20100901	33.75
20100902	32.3
20100903	NA
20100904	30.65
20100905	NA
20100906	34
20100907	30.9
20100908	NA
20100909	NA
20100910	24.6625
20100911	27.904347826087
20100912	27.675
20100913	25.4
20100914	28.904347826087
20100915	28.4291666666667
20100916	27.7041666666667
20100917	27.5954545454545
20100918	28.3708333333333
20100919	25.5083333333333
20100920	26.65
20100921	23.8615384615385
20100922	NA
20100923	NA
20100924	NA
20100925	NA
20100926	NA
20100927	NA
20100928	NA
20100929	NA
20100930	NA
20101001	NA
20101002	NA
20101003	NA
20101004	NA
20101005	NA
20101006	NA
20101007	NA
20101008	NA
20101009	NA
20101010	NA
20101011	NA
20101012	NA
20101013	NA
20101014	NA
20101015	NA
20101016	NA
20101017	NA
20101018	NA
20101019	NA
20101020	NA
20101021	NA
20101022	NA
20101023	NA
20101024	NA
20101025	NA
20101026	NA
20101027	NA
20101028	NA
20101029	NA
20101030	NA
20101031	NA
20101101	NA
20101102	NA
20101103	NA
20101104	NA
20101105	NA
20101106	NA
20101107	NA
20101108	NA
20101109	NA
20101110	NA
20101111	NA
20101112	NA
20101113	NA
20101114	NA
20101115	NA
20101116	NA
20101117	NA
20101118	NA
20101119	NA
20101120	NA
20101121	NA
20101122	NA
20101123	NA
20101124	NA
20101125	NA
20101126	NA
20101127	NA
20101128	NA
20101129	NA
20101130	NA
20101201	NA
20101202	NA
20101203	NA
20101204	NA
20101205	NA
20101206	NA
20101207	NA
20101208	NA
20101209	NA
20101210	NA
20101211	NA
20101212	NA
20101213	NA
20101214	NA
20101215	NA
20101216	NA
20101217	NA
20101218	NA
20101219	NA
20101220	NA
20101221	NA
20101222	NA
20101223	NA
20101224	NA
20101225	NA
20101226	NA
20101227	NA
20101228	NA
20101229	NA
20101230	NA
20101231	NA
20110101	NA
20110102	NA
20110103	NA
20110104	NA
20110105	NA
20110106	NA
20110107	NA
20110108	NA
20110109	NA
20110110	NA
20110111	NA
20110112	NA
20110113	NA
20110114	NA
20110115	NA
20110116	NA
20110117	NA
20110118	NA
20110119	NA
20110120	NA
20110121	NA
20110122	NA
20110123	NA
20110124	NA
20110125	NA
20110126	NA
20110127	NA
20110128	NA
20110129	NA
20110130	NA
20110131	NA
20110201	NA
20110202	NA
20110203	NA
20110204	NA
20110205	NA
20110206	NA
20110207	NA
20110208	NA
20110209	NA
20110210	NA
20110211	NA
20110212	NA
20110213	NA
20110214	NA
20110215	NA
20110216	NA
20110217	NA
20110218	NA
20110219	NA
20110220	NA
20110221	NA
20110222	NA
20110223	NA
20110224	NA
20110225	NA
20110226	NA
20110227	NA
20110228	NA
20110301	NA
20110302	NA
20110303	NA
20110304	NA
20110305	NA
20110306	NA
20110307	NA
20110308	NA
20110309	NA
20110310	NA
20110311	NA
20110312	NA
20110313	NA
20110314	NA
20110315	NA
20110316	NA
20110317	NA
20110318	NA
20110319	NA
20110320	NA
20110321	NA
20110322	NA
20110323	NA
20110324	NA
20110325	NA
20110326	NA
20110327	NA
20110328	NA
20110329	NA
20110330	NA
20110331	NA
20110401	NA
20110402	NA
20110403	NA
20110404	NA
20110405	NA
20110406	NA
20110407	NA
20110408	NA
20110409	NA
20110410	NA
20110411	NA
20110412	NA
20110413	NA
20110414	NA
20110415	NA
20110416	NA
20110417	NA
20110418	NA
20110419	NA
20110420	NA
20110421	NA
20110422	NA
20110423	NA
20110424	NA
20110425	NA
20110426	NA
20110427	NA
20110428	NA
20110429	NA
20110430	NA
20110501	NA
20110502	NA
20110503	NA
20110504	NA
20110505	NA
20110506	NA
20110507	NA
20110508	NA
20110509	NA
20110510	NA
20110511	NA
20110512	NA
20110513	NA
20110514	NA
20110515	NA
20110516	NA
20110517	NA
20110518	NA
20110519	NA
20110520	NA
20110521	NA
20110522	NA
20110523	NA
20110524	NA
20110525	NA
20110526	NA
20110527	NA
20110528	NA
20110529	NA
20110530	NA
20110531	NA
20110601	NA
20110602	NA
20110603	NA
20110604	NA
20110605	NA
20110606	NA
20110607	NA
20110608	NA
20110609	NA
20110610	NA
20110611	NA
20110612	NA
20110613	NA
20110614	NA
20110615	NA
20110616	NA
20110617	NA
20110618	NA
20110619	NA
20110620	NA
20110621	NA
20110622	NA
20110623	NA
20110624	NA
20110625	NA
20110626	NA
20110627	NA
20110628	NA
20110629	NA
20110630	NA
20110701	NA
20110702	NA
20110703	NA
20110704	NA
20110705	NA
20110706	NA
20110707	NA
20110708	NA
20110709	NA
20110710	NA
20110711	NA
20110712	NA
20110713	NA
20110714	NA
20110715	NA
20110716	NA
20110717	NA
20110718	NA
20110719	NA
20110720	NA
20110721	NA
20110722	NA
20110723	NA
20110724	NA
20110725	NA
20110726	NA
20110727	NA
20110728	NA
20110729	NA
20110730	NA
20110731	NA
20110801	NA
20110802	NA
20110803	NA
20110804	NA
20110805	NA
20110806	NA
20110807	NA
20110808	NA
20110809	NA
20110810	NA
20110811	NA
20110812	NA
20110813	NA
20110814	NA
20110815	NA
20110816	NA
20110817	NA
20110818	NA
20110819	NA
20110820	NA
20110821	NA
20110822	NA
20110823	NA
20110824	NA
20110825	NA
20110826	NA
20110827	NA
20110828	NA
20110829	NA
20110830	NA
20110831	NA
20110901	NA
20110902	NA
20110903	NA
20110904	NA
20110905	NA
20110906	NA
20110907	NA
20110908	NA
20110909	NA
20110910	NA
20110911	NA
20110912	NA
20110913	NA
20110914	NA
20110915	NA
20110916	NA
20110917	NA
20110918	NA
20110919	NA
20110920	NA
20110921	NA
20110922	NA
20110923	NA
20110924	NA
20110925	NA
20110926	NA
20110927	NA
20110928	NA
20110929	NA
20110930	NA
20111001	NA
20111002	NA
20111003	NA
20111004	NA
20111005	NA
20111006	NA
20111007	NA
20111008	NA
20111009	NA
20111010	NA
20111011	NA
20111012	NA
20111013	NA
20111014	NA
20111015	NA
20111016	NA
20111017	NA
20111018	NA
20111019	NA
20111020	NA
20111021	NA
20111022	NA
20111023	NA
20111024	NA
20111025	NA
20111026	NA
20111027	NA
20111028	NA
20111029	NA
20111030	NA
20111031	NA
20111101	NA
20111102	NA
20111103	NA
20111104	NA
20111105	NA
20111106	NA
20111107	NA
20111108	NA
20111109	NA
20111110	NA
20111111	NA
20111112	NA
20111113	NA
20111114	NA
20111115	NA
20111116	NA
20111117	NA
20111118	NA
20111119	NA
20111120	NA
20111121	NA
20111122	NA
20111123	NA
20111124	NA
20111125	NA
20111126	NA
20111127	NA
20111128	NA
20111129	NA
20111130	NA
20111201	NA
20111202	NA
20111203	NA
20111204	NA
20111205	NA
20111206	27.2652173913043
20111207	24.4791666666667
20111208	25.825
20111209	27.1565217391304
20111210	28.0666666666667
20111211	26.8217391304348
20111212	27.5791666666667
20111213	27.38
20111214	27.6583333333333
20111215	27.7
20111216	27.3833333333333
20111217	27.3913043478261
20111218	27.2826086956522
20111219	27.3863636363636
20111220	26.9
20111221	24.9
20111222	28.0545454545455
20111223	25.9611111111111
20111224	27.032
20111225	26.9913043478261
20111226	26.4869565217391
20111227	26.4652173913043
20111228	26
20111229	26.9791666666667
20111230	27.6875
20111231	27.195652173913
20120101	26.7958333333333
20120102	26.3583333333333
20120103	26.7608695652174
20120104	27.8142857142857
20120105	26.9608695652174
20120106	27.6090909090909
20120107	27.2608695652174
20120108	26.8869565217391
20120109	26.7541666666667
20120110	27.1
20120111	27.525
20120112	27.4826086956522
20120113	27.004347826087
20120114	27.9315789473684
20120115	27.78125
20120116	26.8173913043478
20120117	24.7733333333333
20120118	26.4304347826087
20120119	26.3
20120120	25.9
20120121	27.1055555555556
20120122	26.6478260869565
20120123	26.628
20120124	27.6565217391304
20120125	26.6047619047619
20120126	26.75
20120127	26.4739130434783
20120128	27.1863636363636
20120129	26.8208333333333
20120130	27.4260869565217
20120131	27.704347826087
20120201	26.93
20120202	27.2173913043478
20120203	26.6894736842105
20120204	27.9142857142857
20120205	166.360869565217
20120206	25.4333333333333
20120207	26.3952380952381
20120208	27.52
20120209	27.4
20120210	27.5090909090909
20120211	27.5863636363636
20120212	28.55
20120213	27.5
20120214	27.32
20120215	26.8
20120216	26.3
20120217	27.7090909090909
20120218	27.1277777777778
20120219	27.45
20120220	27.9
20120221	28.1809523809524
20120222	27.7545454545455
20120223	28.0181818181818
20120224	27.4857142857143
20120225	28.095
20120226	27.8478260869565
20120227	28.825
20120228	28
20120229	28.1318181818182
20120301	28.75
20120302	27.1095238095238
20120303	28.56
20120304	29.0909090909091
20120305	29.0347826086957
20120306	27.9958333333333
20120307	27.8238095238095
20120308	28.1782608695652
20120309	26.9863636363636
20120310	24.2086956521739
20120311	28.0173913043478
20120312	26.8833333333333
20120313	27.7666666666667
20120314	28.095
20120315	28.9291666666667
20120316	29.5142857142857
20120317	28.6541666666667
20120318	25.0666666666667
20120319	NA
20120320	NA
20120321	NA
20120322	NA
20120323	NA
20120324	NA
20120325	NA
20120326	NA
20120327	NA
20120328	NA
20120329	NA
20120330	32.3333333333333
20120331	NA
20120401	NA
20120402	NA
20120403	NA
20120404	NA
20120405	NA
20120406	NA
20120407	NA
20120408	NA
20120409	NA
20120410	NA
20120411	NA
20120412	NA
20120413	NA
20120414	NA
20120415	NA
20120416	30.5
20120417	NA
20120418	NA
20120419	NA
20120420	NA
20120421	27.26
20120422	NA
20120423	NA
20120424	NA
20120425	NA
20120426	NA
20120427	NA
20120428	NA
20120429	NA
20120430	NA
20120501	NA
20120502	NA
20120503	NA
20120504	NA
20120505	NA
20120506	NA
20120507	NA
20120508	NA
20120509	NA
20120510	NA
20120511	NA
20120512	NA
20120513	NA
20120514	NA
20120515	NA
20120516	NA
20120517	NA
20120518	NA
20120519	NA
20120520	NA
20120521	NA
20120522	NA
20120523	NA
20120524	NA
20120525	NA
20120526	NA
20120527	NA
20120528	NA
20120529	NA
20120530	NA
20120531	NA
20120601	NA
20120602	NA
20120603	NA
20120604	NA
20120605	NA
20120606	NA
20120607	NA
20120608	NA
20120609	NA
20120610	NA
20120611	NA
20120612	NA
20120613	NA
20120614	NA
20120615	NA
20120616	NA
20120617	NA
20120618	NA
20120619	NA
20120620	NA
20120621	NA
20120622	NA
20120623	NA
20120624	NA
20120625	NA
20120626	NA
20120627	NA
20120628	NA
20120629	NA
20120630	NA
20120701	NA
20120702	NA
20120703	NA
20120704	NA
20120705	NA
20120706	NA
20120707	NA
20120708	NA
20120709	NA
20120710	NA
20120711	NA
20120712	NA
20120713	NA
20120714	NA
20120715	NA
20120716	NA
20120717	NA
20120718	26.5923076923077
20120719	25.1083333333333
20120720	25.6826086956522
20120721	26.2875
20120722	28.0863636363636
20120723	27.7083333333333
20120724	28.2
20120725	29.72
20120726	28.65
20120727	27.2333333333333
20120728	27.76
20120729	30.5
20120730	28.3666666666667
20120731	NA
20120801	29.5333333333333
20120802	30.85
20120803	27.6333333333333
20120804	NA
20120805	NA
20120806	NA
20120807	NA
20120808	31.6
20120809	NA
20120810	NA
20120811	NA
20120812	NA
20120813	NA
20120814	NA
20120815	NA
20120816	NA
20120817	NA
20120818	NA
20120819	NA
20120820	NA
20120821	NA
20120822	NA
20120823	NA
20120824	NA
20120825	NA
20120826	NA
20120827	NA
20120828	NA
20120829	NA
20120830	NA
20120831	NA
20120901	NA
20120902	NA
20120903	NA
20120904	NA
20120905	NA
20120906	NA
20120907	NA
20120908	NA
20120909	NA
20120910	NA
20120911	NA
20120912	NA
20120913	NA
20120914	NA
20120915	NA
20120916	NA
20120917	NA
20120918	NA
20120919	NA
20120920	NA
20120921	NA
20120922	NA
20120923	NA
20120924	NA
20120925	NA
20120926	NA
20120927	NA
20120928	NA
20120929	NA
20120930	NA
20121001	NA
20121002	NA
20121003	NA
20121004	NA
20121005	NA
20121006	NA
20121007	NA
20121008	NA
20121009	NA
20121010	NA
20121011	NA
20121012	NA
20121013	NA
20121014	NA
20121015	NA
20121016	NA
20121017	NA
20121018	NA
20121019	NA
20121020	NA
20121021	NA
20121022	NA
20121023	NA
20121024	NA
20121025	NA
20121026	NA
20121027	NA
20121028	NA
20121029	NA
20121030	NA
20121031	NA
20121101	NA
20121102	NA
20121103	NA
20121104	NA
20121105	NA
20121106	NA
20121107	NA
20121108	NA
20121109	NA
20121110	NA
20121111	NA
20121112	NA
20121113	NA
20121114	NA
20121115	NA
20121116	NA
20121117	NA
20121118	NA
20121119	NA
20121120	NA
20121121	NA
20121122	NA
20121123	NA
20121124	NA
20121125	NA
20121126	NA
20121127	NA
20121128	NA
20121129	NA
20121130	23.1
20121201	30.4833333333333
20121202	31.65
20121203	29.45
20121204	29.25
20121205	32.1
20121206	30.1833333333333
20121207	29.6
20121208	33.05
20121209	NA
20121210	NA
20121211	NA
20121212	NA
20121213	NA
20121214	NA
20121215	NA
20121216	NA
20121217	NA
20121218	NA
20121219	NA
20121220	NA
20121221	NA
20121222	NA
20121223	NA
20121224	NA
20121225	NA
20121226	NA
20121227	NA
20121228	NA
20121229	NA
20121230	NA
20121231	NA
20130101	NA
20130102	NA
20130103	NA
20130104	NA
20130105	NA
20130106	NA
20130107	NA
20130108	NA
20130109	NA
20130110	NA
20130111	NA
20130112	NA
20130113	NA
20130114	NA
20130115	NA
20130116	NA
20130117	NA
20130118	NA
20130119	NA
20130120	NA
20130121	NA
20130122	NA
20130123	NA
20130124	NA
20130125	NA
20130126	NA
20130127	NA
20130128	NA
20130129	NA
20130130	NA
20130131	NA
20130201	NA
20130202	NA
20130203	NA
20130204	NA
20130205	NA
20130206	NA
20130207	NA
20130208	NA
20130209	NA
20130210	NA
20130211	NA
20130212	NA
20130213	NA
20130214	NA
20130215	NA
20130216	NA
20130217	NA
20130218	NA
20130219	NA
20130220	NA
20130221	NA
20130222	NA
20130223	NA
20130224	NA
20130225	NA
20130226	NA
20130227	NA
20130228	NA
20130301	NA
20130302	NA
20130303	NA
20130304	NA
20130305	NA
20130306	NA
20130307	NA
20130308	NA
20130309	NA
20130310	NA
20130311	NA
20130312	NA
20130313	NA
20130314	NA
20130315	NA
20130316	NA
20130317	NA
20130318	NA
20130319	NA
20130320	NA
20130321	NA
20130322	NA
20130323	NA
20130324	NA
20130325	NA
20130326	NA
20130327	NA
20130328	NA
20130329	NA
20130330	NA
20130331	NA
20130401	NA
20130402	NA
20130403	NA
20130404	NA
20130405	NA
20130406	NA
20130407	NA
20130408	NA
20130409	NA
20130410	NA
20130411	NA
20130412	NA
20130413	NA
20130414	NA
20130415	NA
20130416	NA
20130417	NA
20130418	NA
20130419	NA
20130420	NA
20130421	NA
20130422	NA
20130423	NA
20130424	NA
20130425	NA
20130426	NA
20130427	NA
20130428	NA
20130429	NA
20130430	NA
20130501	NA
20130502	NA
20130503	NA
20130504	NA
20130505	NA
20130506	30.9
20130507	29
20130508	29.9
20130509	NA
20130510	NA
20130511	NA
20130512	NA
20130513	NA
20130514	NA
20130515	NA
20130516	29.65
20130517	NA
20130518	NA
20130519	NA
20130520	NA
20130521	NA
20130522	NA
20130523	NA
20130524	NA
20130525	NA
20130526	NA
20130527	NA
20130528	NA
20130529	NA
20130530	NA
20130531	NA
20130601	NA
20130602	NA
20130603	NA
20130604	NA
20130605	NA
20130606	NA
20130607	NA
20130608	NA
20130609	NA
20130610	NA
20130611	NA
20130612	NA
20130613	NA
20130614	NA
20130615	NA
20130616	NA
20130617	NA
20130618	NA
20130619	NA
20130620	NA
20130621	NA
20130622	NA
20130623	NA
20130624	NA
20130625	NA
20130626	NA
20130627	NA
20130628	NA
20130629	NA
20130630	NA
20130701	NA
20130702	30.1
20130703	NA
20130704	NA
20130705	NA
20130706	NA
20130707	NA
20130708	NA
20130709	NA
20130710	26.2
20130711	NA
20130712	NA
20130713	NA
20130714	28.7444444444444
20130715	27.1545454545455
20130716	27.2428571428571
20130717	29.7888888888889
20130718	29.4777777777778
20130719	27.6666666666667
20130720	25.2
20130721	28.49
20130722	28.4666666666667
20130723	25.3571428571429
20130724	26.5666666666667
20130725	24.4304347826087
20130726	22.8708333333333
20130727	24.1666666666667
20130728	25.9208333333333
20130729	25.0833333333333
20130730	25.8291666666667
20130731	26.3625
20130801	24.1083333333333
20130802	23.8954545454545
20130803	25.2818181818182
20130804	26.2217391304348
20130805	23.6666666666667
20130806	27.64
20130807	24.4833333333333
20130808	26.8791666666667
20130809	27.8083333333333
20130810	27.4416666666667
20130811	25.475
20130812	26.8791666666667
20130813	27.25
20130814	25.9458333333333
20130815	26.65
20130816	26.56
20130817	24.3
20130818	26.2666666666667
20130819	26.8541666666667
20130820	26.3782608695652
20130821	25.9291666666667
20130822	27.1375
20130823	27.0041666666667
20130824	26.575
20130825	25.075
20130826	26.0541666666667
20130827	25.9666666666667
20130828	26.6041666666667
20130829	24.9708333333333
20130830	24.6565217391304
20130831	25.4791666666667
20130901	27.8083333333333
20130902	28.2916666666667
20130903	25.9583333333333
20130904	26.0608695652174
20130905	25.675
20130906	27.1291666666667
20130907	26.3708333333333
20130908	27.275
20130909	25.4041666666667
20130910	26.35
20130911	27.395652173913
20130912	28.4875
20130913	29.1458333333333
20130914	27.1347826086957
20130915	25.5086956521739
20130916	26.275
20130917	25.4541666666667
20130918	27.6266666666667
20130919	28.1642857142857
20130920	27.4909090909091
20130921	27.9086956521739
20130922	27.904347826087
20130923	27.3041666666667
20130924	27.8208333333333
20130925	26.1047619047619
20130926	26.9478260869565
20130927	27.2565217391304
20130928	28.3565217391304
20130929	24.0681818181818
20130930	27.2458333333333
20131001	25.5791666666667
20131002	27.3583333333333
20131003	27.9416666666667
20131004	23.9380952380952
20131005	27.3086956521739
20131006	28.8545454545455
20131007	27.2166666666667
20131008	26.8217391304348
20131009	27.9619047619048
20131010	28.1791666666667
20131011	27.76
20131012	27.295652173913
20131013	27.7318181818182
20131014	26.2086956521739
20131015	27.465
20131016	26.3363636363636
20131017	25.9333333333333
20131018	27.7545454545455
20131019	28.295
20131020	26.5
20131021	25.6428571428571
20131022	24.8541666666667
20131023	24.545
20131024	27.3090909090909
20131025	26.6041666666667
20131026	27.8409090909091
20131027	27.35
20131028	28.0695652173913
20131029	26.4625
20131030	27.9375
20131031	26.75
20131101	26.9375
20131102	27.1541666666667
20131103	27.075
20131104	24.6041666666667
20131105	26.175
20131106	26.8833333333333
20131107	26.2782608695652
20131108	27.1565217391304
20131109	25.15
20131110	27.4538461538462
20131111	27.0181818181818
20131112	27.695652173913
20131113	28.1238095238095
20131114	27.5545454545455
20131115	26.1583333333333
20131116	27.7375
20131117	28.3478260869565
20131118	27.8791666666667
20131119	27.9521739130435
20131120	27.4695652173913
20131121	27.5782608695652
20131122	27.7
20131123	26.5739130434783
20131124	27.3818181818182
20131125	27.2291666666667
20131126	26.2263157894737
20131127	26.7954545454545
20131128	26.6958333333333
20131129	26.75
20131130	26.0882352941176
20131201	27.2826086956522
20131202	24.525
20131203	25.7625
20131204	27.7916666666667
20131205	27.5217391304348
20131206	27.4315789473684
20131207	27.0631578947368
20131208	26.8608695652174
20131209	26.0684210526316
20131210	27.4739130434783
20131211	27.0227272727273
20131212	26.0958333333333
20131213	27.7666666666667
20131214	25.7666666666667
20131215	27.83
20131216	26.736
20131217	27.4571428571429
20131218	26.5458333333333
20131219	26.5652173913043
20131220	26.4416666666667
20131221	25.3875
20131222	25.8130434782609
20131223	26.0652173913043
20131224	26.5333333333333
20131225	27.1583333333333
20131226	27.7272727272727
20131227	26.8052631578947
20131228	27.5173913043478
20131229	27.8208333333333
20131230	27.8875
20131231	28.2166666666667
20140101	27.7086956521739
20140102	26.904347826087
20140103	27.0772727272727
20140104	27.9136363636364
20140105	27.5
20140106	27.0875
20140107	27.0347826086957
20140108	27.8173913043478
20140109	26.6130434782609
20140110	25.775
20140111	26.825
20140112	25.6541666666667
20140113	26.1826086956522
20140114	26.6608695652174
20140115	26.8409090909091
20140116	27.3136363636364
20140117	27.5521739130435
20140118	28.1291666666667
20140119	28.6125
20140120	28.3857142857143
20140121	27.2541666666667
20140122	27.8052631578947
20140123	28.7318181818182
20140124	28.5619047619048
20140125	27.7208333333333
20140126	27.4636363636364
20140127	27.8
20140128	27.6909090909091
20140129	27.3619047619048
20140130	26.9272727272727
20140131	26.7681818181818
20140201	27.3545454545455
20140202	28.1333333333333
20140203	29.1458333333333
20140204	27.4260869565217
20140205	28.7478260869565
20140206	27.8
20140207	27.5041666666667
20140208	28.9166666666667
20140209	28.5208333333333
20140210	29.6173913043478
20140211	29.1
20140212	29.4458333333333
20140213	29.3347826086957
20140214	29.4571428571429
20140215	28.92
20140216	28.1565217391304
20140217	28.4916666666667
20140218	27.5
20140219	28.4736842105263
20140220	29.295652173913
20140221	28.4454545454545
20140222	29.6478260869565
20140223	28.1818181818182
20140224	29.1230769230769
20140225	31.1714285714286
20140226	29.2782608695652
20140227	29.0157894736842
20140228	25.65
20140301	31.7461538461538
20140302	30.1529411764706
20140303	28.0785714285714
20140304	27.9153846153846
20140305	28.9333333333333
20140306	28.9761904761905
20140307	28.247619047619
20140308	30.2952380952381
20140309	29.44
20140310	30.0263157894737
20140311	27.8772727272727
20140312	27.84375
20140313	30.0176470588235
20140314	29.3611111111111
20140315	28.6291666666667
20140316	29.1428571428571
20140317	29.7695652173913
20140318	30.2260869565217
20140319	30.1
20140320	30.1772727272727
20140321	29.9095238095238
20140322	30.9708333333333
20140323	29.4863636363636
20140324	27.39
20140325	28.7736842105263
20140326	28.9611111111111
20140327	29.6238095238095
20140328	28.1142857142857
20140329	28.0684210526316
20140330	28.9578947368421
20140331	30.2409090909091
20140401	27.23
20140402	27.4272727272727
20140403	28.1
20140404	25.3
20140405	26.405
20140406	27.01
20140407	26.9
20140408	29.6466666666667
20140409	28.4083333333333
20140410	29.5
20140411	27.2285714285714
20140412	28.0111111111111
20140413	30.0619047619048
20140414	29.1
20140415	24.3764705882353
20140416	26.7388888888889
20140417	26.8941176470588
20140418	25.9708333333333
20140419	25.2416666666667
20140420	25.8125
20140421	25.7714285714286
20140422	26.08
20140423	27.6714285714286
20140424	25.25625
20140425	26.3538461538462
20140426	24.7111111111111
20140427	26.9833333333333
20140428	28.8857142857143
20140429	27.3708333333333
20140430	26.25
20140501	26.9266666666667
20140502	28.4666666666667
20140503	28.1521739130435
20140504	28.125
20140505	26.6291666666667
20140506	28.1954545454545
20140507	27.0521739130435
20140508	26.9857142857143
20140509	26.4583333333333
20140510	24.73125
20140511	25.3733333333333
20140512	28.2521739130435
20140513	27.3708333333333
20140514	27.6041666666667
20140515	25.9222222222222
20140516	26.30625
20140517	27.0285714285714
20140518	25.34
20140519	26.0190476190476
20140520	27.7133333333333
20140521	27.1533333333333
20140522	28.0733333333333
20140523	27.5384615384615
20140524	28.1125
20140525	28.0583333333333
20140526	26.96
20140527	24.4714285714286
20140528	24.9666666666667
20140529	26.6625
20140530	25.904347826087
20140531	28.4
20140601	27.0583333333333
20140602	26.15
20140603	27.5315789473684
20140604	28.0583333333333
20140605	27.9166666666667
20140606	26.9272727272727
20140607	24.8625
20140608	25.9142857142857
20140609	24.95
20140610	26.47
20140611	25.347619047619
20140612	27.125
20140613	26.515
20140614	23.8952380952381
20140615	24.87
20140616	25.6263157894737
20140617	25.6875
20140618	26.1958333333333
20140619	24.2086956521739
20140620	23.5954545454545
20140621	25.3857142857143
20140622	26.3826086956522
20140623	26.4416666666667
20140624	24.7454545454545
20140625	23.5142857142857
20140626	26.4347826086957
20140627	27.0176470588235
20140628	24.5222222222222
20140629	27.5818181818182
20140630	26.6173913043478
20140701	25.3041666666667
20140702	26.3625
20140703	27.4772727272727
20140704	25.775
20140705	26.7217391304348
20140706	26.0416666666667
20140707	23.7375
20140708	25.2791666666667
20140709	23.9608695652174
20140710	24.3666666666667
20140711	23.715
20140712	23.8909090909091
20140713	25.8347826086957
20140714	26.4166666666667
20140715	26.9916666666667
20140716	25.5111111111111
20140717	25.6190476190476
