Date	Value
20041128	1.8
20041129	NA
20041130	NA
20041201	NA
20041202	NA
20041203	NA
20041204	NA
20041205	NA
20041206	NA
20041207	NA
20041208	NA
20041209	NA
20041210	NA
20041211	NA
20041212	NA
20041213	NA
20041214	NA
20041215	NA
20041216	NA
20041217	NA
20041218	NA
20041219	NA
20041220	NA
20041221	NA
20041222	NA
20041223	NA
20041224	NA
20041225	NA
20041226	NA
20041227	NA
20041228	NA
20041229	NA
20041230	NA
20041231	NA
20050101	NA
20050102	NA
20050103	NA
20050104	NA
20050105	NA
20050106	NA
20050107	NA
20050108	NA
20050109	NA
20050110	NA
20050111	NA
20050112	NA
20050113	NA
20050114	NA
20050115	NA
20050116	NA
20050117	NA
20050118	NA
20050119	NA
20050120	NA
20050121	NA
20050122	NA
20050123	NA
20050124	NA
20050125	NA
20050126	NA
20050127	NA
20050128	NA
20050129	NA
20050130	NA
20050131	NA
20050201	NA
20050202	NA
20050203	NA
20050204	NA
20050205	NA
20050206	NA
20050207	NA
20050208	NA
20050209	NA
20050210	NA
20050211	NA
20050212	NA
20050213	NA
20050214	NA
20050215	NA
20050216	NA
20050217	NA
20050218	NA
20050219	NA
20050220	NA
20050221	NA
20050222	NA
20050223	NA
20050224	NA
20050225	NA
20050226	NA
20050227	NA
20050228	NA
20050301	NA
20050302	NA
20050303	NA
20050304	NA
20050305	NA
20050306	NA
20050307	NA
20050308	NA
20050309	NA
20050310	NA
20050311	NA
20050312	NA
20050313	NA
20050314	NA
20050315	NA
20050316	NA
20050317	NA
20050318	NA
20050319	NA
20050320	NA
20050321	NA
20050322	NA
20050323	NA
20050324	NA
20050325	NA
20050326	NA
20050327	NA
20050328	NA
20050329	NA
20050330	NA
20050331	NA
20050401	NA
20050402	NA
20050403	NA
20050404	NA
20050405	NA
20050406	NA
20050407	NA
20050408	NA
20050409	NA
20050410	NA
20050411	NA
20050412	NA
20050413	NA
20050414	NA
20050415	NA
20050416	NA
20050417	NA
20050418	NA
20050419	NA
20050420	NA
20050421	NA
20050422	NA
20050423	NA
20050424	NA
20050425	NA
20050426	NA
20050427	NA
20050428	NA
20050429	NA
20050430	NA
20050501	NA
20050502	NA
20050503	NA
20050504	NA
20050505	NA
20050506	NA
20050507	NA
20050508	NA
20050509	NA
20050510	NA
20050511	NA
20050512	NA
20050513	NA
20050514	NA
20050515	NA
20050516	NA
20050517	NA
20050518	NA
20050519	NA
20050520	NA
20050521	NA
20050522	NA
20050523	NA
20050524	NA
20050525	NA
20050526	NA
20050527	NA
20050528	NA
20050529	NA
20050530	NA
20050531	NA
20050601	NA
20050602	NA
20050603	NA
20050604	NA
20050605	NA
20050606	NA
20050607	NA
20050608	NA
20050609	NA
20050610	NA
20050611	NA
20050612	NA
20050613	NA
20050614	NA
20050615	NA
20050616	NA
20050617	NA
20050618	NA
20050619	NA
20050620	NA
20050621	NA
20050622	NA
20050623	NA
20050624	NA
20050625	NA
20050626	NA
20050627	NA
20050628	NA
20050629	NA
20050630	264.6
20050701	NA
20050702	NA
20050703	NA
20050704	NA
20050705	NA
20050706	NA
20050707	NA
20050708	NA
20050709	NA
20050710	NA
20050711	NA
20050712	NA
20050713	NA
20050714	NA
20050715	NA
20050716	NA
20050717	NA
20050718	NA
20050719	NA
20050720	NA
20050721	NA
20050722	NA
20050723	NA
20050724	NA
20050725	NA
20050726	NA
20050727	NA
20050728	NA
20050729	NA
20050730	NA
20050731	NA
20050801	NA
20050802	NA
20050803	NA
20050804	NA
20050805	NA
20050806	NA
20050807	NA
20050808	NA
20050809	NA
20050810	NA
20050811	NA
20050812	NA
20050813	NA
20050814	NA
20050815	NA
20050816	NA
20050817	NA
20050818	NA
20050819	NA
20050820	NA
20050821	NA
20050822	NA
20050823	NA
20050824	NA
20050825	NA
20050826	NA
20050827	NA
20050828	NA
20050829	NA
20050830	NA
20050831	NA
20050901	NA
20050902	NA
20050903	NA
20050904	NA
20050905	NA
20050906	NA
20050907	NA
20050908	NA
20050909	NA
20050910	NA
20050911	NA
20050912	NA
20050913	NA
20050914	NA
20050915	NA
20050916	NA
20050917	NA
20050918	NA
20050919	NA
20050920	NA
20050921	NA
20050922	NA
20050923	NA
20050924	NA
20050925	NA
20050926	NA
20050927	NA
20050928	NA
20050929	NA
20050930	NA
20051001	NA
20051002	NA
20051003	NA
20051004	NA
20051005	NA
20051006	NA
20051007	NA
20051008	NA
20051009	NA
20051010	NA
20051011	NA
20051012	NA
20051013	NA
20051014	13.5285714285714
20051015	13.9291666666667
20051016	14.9666666666667
20051017	15.7260869565217
20051018	16.0958333333333
20051019	NA
20051020	NA
20051021	16.325
20051022	15.7647058823529
20051023	15.4681818181818
20051024	13.1208333333333
20051025	13.7714285714286
20051026	13.19
20051027	NA
20051028	15.2333333333333
20051029	14.3333333333333
20051030	15.3681818181818
20051031	16.5041666666667
20051101	15.58
20051102	16.88125
20051103	15.9826086956522
20051104	16.1708333333333
20051105	15.7625
20051106	15.8260869565217
20051107	15.948
20051108	12.12
20051109	NA
20051110	NA
20051111	NA
20051112	NA
20051113	NA
20051114	NA
20051115	NA
20051116	NA
20051117	NA
20051118	NA
20051119	28.26875
20051120	26.108
20051121	25.0521739130435
20051122	26.5166666666667
20051123	26.324
20051124	25.2666666666667
20051125	23.35
20051126	26.5869565217391
20051127	25.8833333333333
20051128	25.3916666666667
20051129	25.6875
20051130	25.9863636363636
20051201	26.025
20051202	25.872
20051203	25.9333333333333
20051204	25.7913043478261
20051205	26.012
20051206	26.3708333333333
20051207	26.1913043478261
20051208	25.452
20051209	26.304347826087
20051210	25.62
20051211	23.2958333333333
20051212	26.1913043478261
20051213	26.044
20051214	25.5041666666667
20051215	25.404347826087
20051216	26.9578947368421
20051217	25.4125
20051218	26.2608695652174
20051219	25.1458333333333
20051220	24.6875
20051221	25.075
20051222	25.4347826086957
20051223	25.632
20051224	25.5666666666667
20051225	25.975
20051226	24.8434782608696
20051227	24.8333333333333
20051228	24.9818181818182
20051229	24.2260869565217
20051230	23.976
20051231	-114.791304347826
20060101	24.1
20060102	27.64
20060103	25.4833333333333
20060104	25.244
20060105	27.75
20060106	27.488
20060107	25.6086956521739
20060108	26.008
20060109	23.78
20060110	23.744
20060111	24.6954545454545
20060112	24.412
20060113	-98.3083333333333
20060114	27.6153846153846
20060115	27.05
20060116	48.9083333333333
20060117	25.7384615384615
20060118	8
20060119	24.588
20060120	23.9791666666667
20060121	24.9846153846154
20060122	26.375
20060123	26.972
20060124	26.112
20060125	75.12
20060126	74.784
20060127	25.4260869565217
20060128	80.3846153846154
20060129	79.356
20060130	76.4541666666667
20060131	26.5478260869565
20060201	85.808
20060202	75.9923076923077
20060203	84.6958333333333
20060204	26.6695652173913
20060205	71.8416666666667
20060206	49.0916666666667
20060207	1281
20060208	NA
20060209	1233.6
20060210	103.59375
20060211	74.256
20060212	26.3478260869565
20060213	83.0923076923077
20060214	78.084
20060215	76.2333333333333
20060216	25.7791666666667
20060217	82.3730769230769
20060218	75.4625
20060219	73.5807692307692
20060220	25.6416666666667
20060221	82.221052631579
20060222	38.4846153846154
20060223	77.568
20060224	27.0304347826087
20060225	74.424
20060226	72.8846153846154
20060227	77.4208333333333
20060228	26.9583333333333
20060301	86.632
20060302	88.02
20060303	74.8192307692308
20060304	28.3458333333333
20060305	85.756
20060306	77.8958333333333
20060307	71.8307692307692
20060308	25.3583333333333
20060309	74.4583333333333
20060310	73.824
20060311	88.0166666666667
20060312	25.75
20060313	75.38
20060314	76.175
20060315	86.9
20060316	26.232
20060317	79.356
20060318	75.764
20060319	85.292
20060320	24.2347826086957
20060321	73.376
20060322	77.6217391304348
20060323	34.62
20060324	26.784
20060325	75.38
20060326	78.712
20060327	73.348
20060328	25.2409090909091
20060329	80.236
20060330	75.596
20060331	85.092
20060401	27.3818181818182
20060402	1259.3
20060403	1234.6
20060404	1515.2
20060405	NA
20060406	1388.1
20060407	257.3
20060408	1233.8
20060409	27.0541666666667
20060410	81.368
20060411	78.3291666666667
20060412	81.776
20060413	23.8625
20060414	76.8625
20060415	83.92
20060416	76.604
20060417	24.7083333333333
20060418	77.0166666666667
20060419	85.36
20060420	85.1173913043478
20060421	26.8541666666667
20060422	85.04
20060423	33.948
20060424	72.5730769230769
20060425	26.3608695652174
20060426	78.66
20060427	75.152
20060428	83.7541666666667
20060429	25.372
20060430	74.5
20060501	85.488
20060502	77.812
20060503	24.0083333333333
20060504	73.66
20060505	87.0916666666667
20060506	76.5076923076923
20060507	24.8291666666667
20060508	74.84
20060509	83.9791666666667
20060510	71.6038461538461
20060511	24.8130434782609
20060512	80.108
20060513	75.92
20060514	81.7346153846154
20060515	25.3708333333333
20060516	79.6391304347826
20060517	86.275
20060518	77.004
20060519	23.6583333333333
20060520	223.483333333333
20060521	1515.2
20060522	337.6
20060523	26.4086956521739
20060524	76.1375
20060525	74.352
20060526	73.52
20060527	25.9086956521739
20060528	74.892
20060529	83.424
20060530	74.2076923076923
20060531	25.75
20060601	76.3291666666667
20060602	81.7230769230769
20060603	78.0130434782609
20060604	26.272
20060605	77.976
20060606	83.876
20060607	34.8583333333333
20060608	23.432
20060609	72.668
20060610	79.5
20060611	74.008
20060612	NA
20060613	80.3260869565217
20060614	69.8269230769231
20060615	85.6125
20060616	26.4608695652174
20060617	80.224
20060618	74.3
20060619	84.804
20060620	26.375
20060621	37.156
20060622	76.5791666666667
20060623	72.5307692307692
20060624	26.5
20060625	73.084
20060626	74.556
20060627	84.58
20060628	25.2304347826087
20060629	77.424
20060630	76.216
20060701	83.1269230769231
20060702	26.595652173913
20060703	72.912
20060704	69.608
20060705	82.684
20060706	23.9
20060707	76.36
20060708	85.5478260869565
20060709	35.4269230769231
20060710	23.6666666666667
20060711	73.76
20060712	100.766666666667
20060713	78.0416666666667
20060714	24.33125
20060715	285.6
20060716	139.236363636364
20060717	82.856
20060718	25.1391304347826
20060719	106.494117647059
20060720	1234.6
20060721	191.688888888889
20060722	23.595652173913
20060723	74.0884615384615
20060724	34.108
20060725	72.388
20060726	26.2208333333333
20060727	79.668
20060728	71.972
20060729	80.925
20060730	25.5833333333333
20060731	76.0791666666667
20060801	81.0730769230769
20060802	83.804
20060803	25.6142857142857
20060804	71.4384615384615
20060805	88.4166666666667
20060806	80.684
20060807	24.3722222222222
20060808	74.484
20060809	83.3833333333333
20060810	74.4769230769231
20060811	21.94
20060812	71.904
20060813	74.852
20060814	78.2458333333333
20060815	27.05
20060816	81.5192307692308
20060817	83.5041666666667
20060818	26.2826086956522
20060819	24.6958333333333
20060820	24.032
20060821	25.675
20060822	25.2458333333333
20060823	26.9739130434783
20060824	24.512
20060825	25.1782608695652
20060826	26.428
20060827	26.55
20060828	25.5416666666667
20060829	25.4083333333333
20060830	25.0416666666667
20060831	26.2125
20060901	27.3826086956522
20060902	27.7
20060903	28.056
20060904	25.0041666666667
20060905	26.1478260869565
20060906	26.028
20060907	25.7521739130435
20060908	25.5791666666667
20060909	27.0208333333333
20060910	26.3181818181818
20060911	24.4583333333333
20060912	25.3086956521739
20060913	26.452
20060914	27.2565217391304
20060915	27.7304347826087
20060916	24.45
20060917	25.2136363636364
20060918	24.7166666666667
20060919	26.1291666666667
20060920	26.944
20060921	27.5916666666667
20060922	26.9
20060923	26.7190476190476
20060924	25.128
20060925	25.5083333333333
20060926	26.4095238095238
20060927	27.3608695652174
20060928	27.5916666666667
20060929	25.995652173913
20060930	26.8260869565217
20061001	25.8565217391304
20061002	25.8708333333333
20061003	26.025
20061004	26.348
20061005	26.7318181818182
20061006	27.276
20061007	28.4826086956522
20061008	26.28
20061009	24.3958333333333
20061010	27.4708333333333
20061011	25.92
20061012	27.3875
20061013	27.6428571428571
20061014	28.02
20061015	26.2958333333333
20061016	26.5695652173913
20061017	25.3863636363636
20061018	26.4875
20061019	25.95
20061020	24.8083333333333
20061021	25.5409090909091
20061022	27.0791666666667
20061023	24.1636363636364
20061024	21.45
20061025	28.1375
20061026	25.548
20061027	26.247619047619
20061028	27.044
20061029	26.9791666666667
20061030	28.145
20061031	27.8739130434783
20061101	26.82
20061102	26.7291666666667
20061103	26.975
20061104	26.5909090909091
20061105	27.92
20061106	27.3086956521739
20061107	26.9458333333333
20061108	26.5
20061109	25.475
20061110	NA
20061111	NA
20061112	NA
20061113	23.5652173913043
20061114	25.396
20061115	24.9565217391304
20061116	26.0208333333333
20061117	23.7791666666667
20061118	21.88
20061119	NA
20061120	NA
20061121	NA
20061122	24.9142857142857
20061123	26.8875
20061124	27.0173913043478
20061125	26.2461538461538
20061126	26.8333333333333
20061127	26.84
20061128	26.3727272727273
20061129	25.5333333333333
20061130	28.2666666666667
20061201	26.592
20061202	26.3434782608696
20061203	26.85
20061204	25.9913043478261
20061205	26.5833333333333
20061206	26.7928571428571
20061207	NA
20061208	NA
20061209	27.3272727272727
20061210	26.8
20061211	26.02
20061212	26.0541666666667
20061213	25.804347826087
20061214	25.8791666666667
20061215	27.3583333333333
20061216	26.53
20061217	25.4142857142857
20061218	25.975
20061219	26.2826086956522
20061220	26.8227272727273
20061221	28.3117647058824
20061222	26.4541666666667
20061223	24.4125
20061224	25.5083333333333
20061225	25.75
20061226	25.9583333333333
20061227	25.6304347826087
20061228	26.0375
20061229	26.272
20061230	25.595652173913
20061231	25.8291666666667
20070101	26.56
20070102	26.3916666666667
20070103	26.0772727272727
20070104	25.348
20070105	25.847619047619
20070106	25.4739130434783
20070107	25.048
20070108	25.3857142857143
20070109	27.1666666666667
20070110	26.7375
20070111	26.9458333333333
20070112	26.564
20070113	26.1416666666667
20070114	27.1086956521739
20070115	26.3791666666667
20070116	26.5952380952381
20070117	26.28
20070118	27.3217391304348
20070119	26.4
20070120	26.7791666666667
20070121	27.0681818181818
20070122	26.9458333333333
20070123	26.775
20070124	26.6958333333333
20070125	26.7291666666667
20070126	26.6208333333333
20070127	26.9375
20070128	27.2833333333333
20070129	27.4916666666667
20070130	27.3916666666667
20070131	27.3041666666667
20070201	26.016
20070202	25.9375
20070203	25.6791666666667
20070204	26.7208333333333
20070205	26.7833333333333
20070206	26.4
20070207	26.5434782608696
20070208	26.5666666666667
20070209	27.0913043478261
20070210	26.808
20070211	27.5833333333333
20070212	27.5708333333333
20070213	27.2541666666667
20070214	27.8913043478261
20070215	28.4375
20070216	27.8125
20070217	28.4166666666667
20070218	28.464
20070219	27.925
20070220	27.7909090909091
20070221	27.8375
20070222	26.6666666666667
20070223	26.492
20070224	28.8521739130435
20070225	24.904
20070226	27.4666666666667
20070227	28.225
20070228	28.625
20070301	27.3521739130435
20070302	28.1454545454545
20070303	28.4166666666667
20070304	27.9782608695652
20070305	27.4
20070306	27.9130434782609
20070307	28.5
20070308	28.22
20070309	26.7181818181818
20070310	27.395652173913
20070311	28.4291666666667
20070312	27.4916666666667
20070313	28.1478260869565
20070314	28.925
20070315	30.2470588235294
20070316	27.8875
20070317	25.35
20070318	NA
20070319	NA
20070320	29.5
20070321	28.5041666666667
20070322	28.78125
20070323	31.2941176470588
20070324	29.1782608695652
20070325	24.8083333333333
20070326	26.2916666666667
20070327	26.4375
20070328	27.7083333333333
20070329	24.2260869565217
20070330	26.995652173913
20070331	25.62
20070401	25.7708333333333
20070402	25.2833333333333
20070403	25.1391304347826
20070404	25.8583333333333
20070405	25.4
20070406	24.2625
20070407	NA
20070408	NA
20070409	NA
20070410	NA
20070411	NA
20070412	NA
20070413	NA
20070414	NA
20070415	NA
20070416	NA
20070417	NA
20070418	NA
20070419	NA
20070420	NA
20070421	NA
20070422	NA
20070423	NA
20070424	NA
20070425	NA
20070426	NA
20070427	NA
20070428	NA
20070429	NA
20070430	NA
20070501	NA
20070502	NA
20070503	NA
20070504	NA
20070505	NA
20070506	NA
20070507	NA
20070508	NA
20070509	NA
20070510	NA
20070511	NA
20070512	NA
20070513	NA
20070514	NA
20070515	NA
20070516	NA
20070517	NA
20070518	NA
20070519	NA
20070520	NA
20070521	NA
20070522	NA
20070523	NA
20070524	NA
20070525	NA
20070526	NA
20070527	NA
20070528	NA
20070529	NA
20070530	NA
20070531	NA
20070601	NA
20070602	NA
20070603	NA
20070604	NA
20070605	NA
20070606	NA
20070607	NA
20070608	NA
20070609	NA
20070610	NA
20070611	NA
20070612	NA
20070613	NA
20070614	NA
20070615	NA
20070616	NA
20070617	NA
20070618	NA
20070619	NA
20070620	NA
20070621	NA
20070622	NA
20070623	NA
20070624	NA
20070625	NA
20070626	NA
20070627	NA
20070628	NA
20070629	NA
20070630	NA
20070701	NA
20070702	NA
20070703	NA
20070704	NA
20070705	NA
20070706	NA
20070707	NA
20070708	NA
20070709	NA
20070710	NA
20070711	NA
20070712	NA
20070713	NA
20070714	NA
20070715	NA
20070716	NA
20070717	NA
20070718	NA
20070719	NA
20070720	NA
20070721	NA
20070722	NA
20070723	NA
20070724	NA
20070725	NA
20070726	NA
20070727	NA
20070728	NA
20070729	NA
20070730	NA
20070731	NA
20070801	NA
20070802	NA
20070803	NA
20070804	NA
20070805	NA
20070806	NA
20070807	NA
20070808	NA
20070809	NA
20070810	NA
20070811	NA
20070812	NA
20070813	NA
20070814	NA
20070815	NA
20070816	NA
20070817	NA
20070818	NA
20070819	NA
20070820	NA
20070821	NA
20070822	NA
20070823	NA
20070824	NA
20070825	NA
20070826	NA
20070827	NA
20070828	NA
20070829	NA
20070830	NA
20070831	NA
20070901	NA
20070902	NA
20070903	NA
20070904	NA
20070905	NA
20070906	NA
20070907	NA
20070908	NA
20070909	NA
20070910	NA
20070911	NA
20070912	NA
20070913	NA
20070914	NA
20070915	NA
20070916	NA
20070917	NA
20070918	NA
20070919	NA
20070920	NA
20070921	NA
20070922	NA
20070923	NA
20070924	NA
20070925	NA
20070926	NA
20070927	NA
20070928	NA
20070929	NA
20070930	NA
20071001	NA
20071002	NA
20071003	NA
20071004	NA
20071005	NA
20071006	NA
20071007	NA
20071008	NA
20071009	NA
20071010	NA
20071011	NA
20071012	NA
20071013	NA
20071014	NA
20071015	NA
20071016	NA
20071017	NA
20071018	NA
20071019	NA
20071020	NA
20071021	NA
20071022	NA
20071023	NA
20071024	NA
20071025	NA
20071026	NA
20071027	NA
20071028	NA
20071029	NA
20071030	NA
20071031	NA
20071101	NA
20071102	NA
20071103	NA
20071104	NA
20071105	NA
20071106	NA
20071107	NA
20071108	NA
20071109	NA
20071110	NA
20071111	NA
20071112	NA
20071113	NA
20071114	NA
20071115	NA
20071116	NA
20071117	NA
20071118	NA
20071119	NA
20071120	NA
20071121	NA
20071122	NA
20071123	NA
20071124	NA
20071125	NA
20071126	NA
20071127	NA
20071128	NA
20071129	NA
20071130	NA
20071201	NA
20071202	NA
20071203	NA
20071204	NA
20071205	NA
20071206	NA
20071207	NA
20071208	NA
20071209	NA
20071210	NA
20071211	NA
20071212	NA
20071213	NA
20071214	NA
20071215	NA
20071216	NA
20071217	NA
20071218	NA
20071219	NA
20071220	NA
20071221	NA
20071222	NA
20071223	NA
20071224	NA
20071225	NA
20071226	NA
20071227	NA
20071228	NA
20071229	NA
20071230	NA
20071231	NA
20080101	NA
20080102	NA
20080103	NA
20080104	NA
20080105	NA
20080106	NA
20080107	NA
20080108	NA
20080109	NA
20080110	NA
20080111	NA
20080112	NA
20080113	NA
20080114	NA
20080115	NA
20080116	NA
20080117	NA
20080118	NA
20080119	NA
20080120	NA
20080121	NA
20080122	NA
20080123	NA
20080124	NA
20080125	NA
20080126	NA
20080127	NA
20080128	NA
20080129	NA
20080130	NA
20080131	NA
20080201	NA
20080202	NA
20080203	NA
20080204	NA
20080205	NA
20080206	NA
20080207	NA
20080208	NA
20080209	NA
20080210	NA
20080211	NA
20080212	NA
20080213	NA
20080214	NA
20080215	NA
20080216	NA
20080217	NA
20080218	NA
20080219	NA
20080220	NA
20080221	NA
20080222	NA
20080223	NA
20080224	NA
20080225	NA
20080226	NA
20080227	NA
20080228	NA
20080229	NA
20080301	NA
20080302	NA
20080303	NA
20080304	NA
20080305	NA
20080306	NA
20080307	NA
20080308	NA
20080309	NA
20080310	NA
20080311	NA
20080312	NA
20080313	NA
20080314	NA
20080315	28.8230769230769
20080316	26.55
20080317	27.425
20080318	26.008
20080319	25.8652173913043
20080320	26.2458333333333
20080321	25.964
20080322	26.7041666666667
20080323	27.0333333333333
20080324	27.6333333333333
20080325	28.3217391304348
20080326	27.5041666666667
20080327	26.604
20080328	27.1695652173913
20080329	27.2791666666667
20080330	27.508
20080331	162.1875
20080401	27.0521739130435
20080402	27.496
20080403	27.5368421052632
20080404	29.4125
20080405	26.956
20080406	27.4666666666667
20080407	28.1260869565217
20080408	28.8166666666667
20080409	28.348
20080410	27.6875
20080411	27.0217391304348
20080412	25.12
20080413	27.6666666666667
20080414	26.2125
20080415	26.8260869565217
20080416	28.108
20080417	28.3416666666667
20080418	23.195652173913
20080419	26.6
20080420	27.7
20080421	28.3875
20080422	26.5565217391304
20080423	25.9541666666667
20080424	26.8083333333333
20080425	25.104347826087
20080426	27.1478260869565
20080427	25.1826086956522
20080428	26.795652173913
20080429	27.36
20080430	27.704347826087
20080501	27.58
20080502	25.8708333333333
20080503	24.3208333333333
20080504	25.4391304347826
20080505	24.768
20080506	26.4652173913043
20080507	25.0368421052632
20080508	25.15
20080509	26.41
20080510	27.0434782608696
20080511	27.7583333333333
20080512	24.895652173913
20080513	26.1095238095238
20080514	26.7727272727273
20080515	25.55
20080516	24.1809523809524
20080517	23.892
20080518	24.8739130434783
20080519	24.72
20080520	25.25
20080521	25.2130434782609
20080522	26.355
20080523	26.375
20080524	23.8
20080525	25.4333333333333
20080526	24.3347826086957
20080527	26.1157894736842
20080528	25.4304347826087
20080529	24.4666666666667
20080530	24.425
20080531	25.82
20080601	26.1869565217391
20080602	25.3875
20080603	25.2666666666667
20080604	25.875
20080605	24.2458333333333
20080606	26.3777777777778
20080607	24.4625
20080608	28.95625
20080609	27.5571428571429
20080610	26.8
20080611	25.5421052631579
20080612	25.325
20080613	27.1041666666667
20080614	26.6347826086957
20080615	24.5
20080616	25.6173913043478
20080617	24.5958333333333
20080618	25.0833333333333
20080619	26.7833333333333
20080620	25.6
20080621	24.1
20080622	25.4
20080623	25.8875
20080624	24.4478260869565
20080625	23.8222222222222
20080626	25.4125
20080627	27.48
20080628	24.0888888888889
20080629	24.2055555555556
20080630	26.2375
20080701	26.3055555555556
20080702	26.2666666666667
20080703	26.75
20080704	26.16
20080705	26.4222222222222
20080706	26.5222222222222
20080707	NA
20080708	24.60625
20080709	27.4722222222222
20080710	22.2909090909091
20080711	25.6416666666667
20080712	26.0142857142857
20080713	25.9529411764706
20080714	25.9611111111111
20080715	25.6
20080716	24.08
20080717	26.1818181818182
20080718	24.7117647058824
20080719	24.9727272727273
20080720	24.2777777777778
20080721	25.27
20080722	26.3769230769231
20080723	26.1857142857143
20080724	25.5142857142857
20080725	24.5666666666667
20080726	23.4666666666667
20080727	26.2266666666667
20080728	24.9833333333333
20080729	27.19375
20080730	25.8714285714286
20080731	26.82
20080801	24.8235294117647
20080802	23.9222222222222
20080803	NA
20080804	NA
20080805	NA
20080806	NA
20080807	NA
20080808	NA
20080809	NA
20080810	NA
20080811	NA
20080812	NA
20080813	NA
20080814	NA
20080815	NA
20080816	NA
20080817	NA
20080818	NA
20080819	NA
20080820	NA
20080821	NA
20080822	NA
20080823	NA
20080824	NA
20080825	NA
20080826	NA
20080827	NA
20080828	NA
20080829	NA
20080830	NA
20080831	NA
20080901	27.0130434782609
20080902	26.9166666666667
20080903	27.0375
20080904	24.5916666666667
20080905	26.4625
20080906	27.45
20080907	25.2541666666667
20080908	23.576
20080909	24.3708333333333
20080910	25.9208333333333
20080911	23
20080912	25.2375
20080913	26.5791666666667
20080914	26.972
20080915	24.0260869565217
20080916	25.6958333333333
20080917	25.5041666666667
20080918	25.3833333333333
20080919	25.7173913043478
20080920	27.0739130434783
20080921	27.075
20080922	23.7958333333333
20080923	25.6173913043478
20080924	26.3826086956522
20080925	25.24
20080926	166.986956521739
20080927	27.0166666666667
20080928	27.1125
20080929	25.796
20080930	26.795652173913
20081001	26.6173913043478
20081002	26.856
20081003	27.3086956521739
20081004	27.3666666666667
20081005	25.0086956521739
20081006	26.668
20081007	23.1166666666667
20081008	25.5260869565217
20081009	26.88
20081010	25.5375
20081011	25.7125
20081012	26.9166666666667
20081013	26.5916666666667
20081014	25.4136363636364
20081015	26.2739130434783
20081016	26.9391304347826
20081017	25.8166666666667
20081018	26.8375
20081019	27.532
20081020	26.3173913043478
20081021	26.8227272727273
20081022	26.425
20081023	27.444
20081024	27.7166666666667
20081025	26.0041666666667
20081026	26.15
20081027	25.9791666666667
20081028	24.1333333333333
20081029	26.6791666666667
20081030	26.3285714285714
20081031	25.4708333333333
20081101	25.35
20081102	24.1958333333333
20081103	24.8333333333333
20081104	24.5304347826087
20081105	25.65
20081106	26.4208333333333
20081107	26.8333333333333
20081108	27.048
20081109	27.0791666666667
20081110	27.3916666666667
20081111	27.5833333333333
20081112	27.4541666666667
20081113	25.3695652173913
20081114	26.4583333333333
20081115	26.7833333333333
20081116	25.9608695652174
20081117	26.3625
20081118	25.368
20081119	25.4083333333333
20081120	25.6391304347826
20081121	25.12
20081122	23.9791666666667
20081123	24.7125
20081124	24.8791666666667
20081125	25.3826086956522
20081126	22.45
20081127	25.8695652173913
20081128	26.468
20081129	26.5
20081130	26.7826086956522
20081201	27.244
20081202	26.7227272727273
20081203	25.724
20081204	26.0347826086957
20081205	25.8733333333333
20081206	26.0173913043478
20081207	24.9
20081208	25.9285714285714
20081209	26.275
20081210	25.6318181818182
20081211	25.1695652173913
20081212	25.8375
20081213	25.7866666666667
20081214	26.5388888888889
20081215	25.148
20081216	20.675
20081217	NA
20081218	NA
20081219	NA
20081220	NA
20081221	NA
20081222	NA
20081223	NA
20081224	24.7583333333333
20081225	25.2
20081226	24.8458333333333
20081227	25.2636363636364
20081228	24.7391304347826
20081229	24.372
20081230	25.1545454545455
20081231	24.984
20090101	25.325
20090102	25.8
20090103	26.5166666666667
20090104	26.5916666666667
20090105	23.86
20090106	NA
20090107	NA
20090108	NA
20090109	NA
20090110	24.8125
20090111	24.8208333333333
20090112	24.3307692307692
20090113	25.4791666666667
20090114	24.495652173913
20090115	24.504
20090116	25.2666666666667
20090117	25.8833333333333
20090118	26.9541666666667
20090119	26.5208333333333
20090120	24.7304347826087
20090121	25.4130434782609
20090122	26.1458333333333
20090123	25.0217391304348
20090124	25.8521739130435
20090125	25.8130434782609
20090126	25.2333333333333
20090127	24.9636363636364
20090128	25.128
20090129	25.6
20090130	26.236
20090131	22.5291666666667
20090201	25.4789473684211
20090202	25.8916666666667
20090203	26.0521739130435
20090204	25.468
20090205	26.7227272727273
20090206	25.7125
20090207	25.5565217391304
20090208	24.82
20090209	25.8625
20090210	27.1375
20090211	25.5086956521739
20090212	25.8727272727273
20090213	25.888
20090214	25.2217391304348
20090215	24.955
20090216	27.3214285714286
20090217	26.0125
20090218	25.7565217391304
20090219	26.3416666666667
20090220	24.9565217391304
20090221	25.5
20090222	26.1916666666667
20090223	26.4541666666667
20090224	25.5181818181818
20090225	26.2458333333333
20090226	25.595
20090227	26.4772727272727
20090228	26.5958333333333
20090301	26.9227272727273
20090302	26.936
20090303	26.1652173913043
20090304	26.1260869565217
20090305	27.5958333333333
20090306	27.1652173913043
20090307	25.9173913043478
20090308	26.4208333333333
20090309	24.9818181818182
20090310	25.3318181818182
20090311	25.1869565217391
20090312	26.4
20090313	26.496
20090314	27.3391304347826
20090315	26.3583333333333
20090316	25.8208333333333
20090317	25.6333333333333
20090318	26.4166666666667
20090319	26.928
20090320	26.2705882352941
20090321	25.5095238095238
20090322	24.0769230769231
20090323	26.7769230769231
20090324	26.42
20090325	26.6541666666667
20090326	27.7260869565217
20090327	26.9166666666667
20090328	23.1181818181818
20090329	24.2
20090330	27.0375
20090331	26.6375
20090401	27.3125
20090402	26.4681818181818
20090403	26.452
20090404	27.7761904761905
20090405	26.884
20090406	27.5260869565217
20090407	27.8708333333333
20090408	23.8166666666667
20090409	25.4565217391304
20090410	26.1291666666667
20090411	26.5666666666667
20090412	27.2347826086957
20090413	26.9083333333333
20090414	27.1217391304348
20090415	26.9916666666667
20090416	27.0083333333333
20090417	24.6521739130435
20090418	26.0583333333333
20090419	24.7958333333333
20090420	23.3
20090421	26.2125
20090422	24.6333333333333
20090423	25.75
20090424	26.704347826087
20090425	26.6375
20090426	26.6375
20090427	26.896
20090428	24.525
20090429	25.9478260869565
20090430	25.1583333333333
20090501	24.0521739130435
20090502	25.2041666666667
20090503	25.1875
20090504	25.248
20090505	26.6913043478261
20090506	26.264
20090507	26.5666666666667
20090508	24.5708333333333
20090509	25.0041666666667
20090510	26.8708333333333
20090511	26.7708333333333
20090512	168.673913043478
20090513	27.4083333333333
20090514	27.0166666666667
20090515	25.8791666666667
20090516	26.26
20090517	26.2086956521739
20090518	24.65
20090519	26.2791666666667
20090520	27.2458333333333
20090521	25.7208333333333
20090522	27.0208333333333
20090523	27.8391304347826
20090524	26.172
20090525	26.7875
20090526	27.6416666666667
20090527	27.7130434782609
20090528	24.868
20090529	24.9304347826087
20090530	26.564
20090531	26.6625
20090601	27.5875
20090602	27.9166666666667
20090603	24.8772727272727
20090604	25.308
20090605	24.5173913043478
20090606	25.996
20090607	22.8875
20090608	25.4333333333333
20090609	26.8347826086957
20090610	24.436
20090611	26.9217391304348
20090612	24.296
20090613	24.94
20090614	24.0727272727273
20090615	28.56
20090616	27.3
20090617	24.8913043478261
20090618	26.625
20090619	25.875
20090620	25.656
20090621	24.6583333333333
20090622	25.3375
20090623	22.7173913043478
20090624	26.088
20090625	23.4416666666667
20090626	25.6913043478261
20090627	26.044
20090628	24.6652173913043
20090629	26.5130434782609
20090630	25.676
20090701	23.7291666666667
20090702	23.85
20090703	22.9083333333333
20090704	24.1416666666667
20090705	26.3791666666667
20090706	25.0041666666667
20090707	26.7652173913043
20090708	25.284
20090709	25.4083333333333
20090710	25.325
20090711	23.6041666666667
20090712	24.35
20090713	26.1083333333333
20090714	24.8954545454545
20090715	25.448
20090716	24.875
20090717	23.3739130434783
20090718	25.9
20090719	27.4733333333333
20090720	27.65
20090721	23.748
20090722	26.2208333333333
20090723	24.9458333333333
20090724	27.2791666666667
20090725	28.0130434782609
20090726	24.42
20090727	26.6416666666667
20090728	23.6375
20090729	25.8958333333333
20090730	25.205
20090731	25.8208333333333
20090801	24.7652173913043
20090802	25.8
20090803	27.2041666666667
20090804	24.8260869565217
20090805	26.108
20090806	24.5791666666667
20090807	25.4708333333333
20090808	24.8
20090809	23.2166666666667
20090810	25.0571428571429
20090811	25.8583333333333
20090812	25.8625
20090813	26.7083333333333
20090814	26.0541666666667
20090815	27.7541666666667
20090816	27.5782608695652
20090817	23.792
20090818	26.0625
20090819	27.4291666666667
20090820	27.2761904761905
20090821	26.2083333333333
20090822	27.5826086956522
20090823	25.828
20090824	25.1166666666667
20090825	26.7541666666667
20090826	24.5583333333333
20090827	26.5125
20090828	25.7652173913043
20090829	26.632
20090830	24.7375
20090831	27.204347826087
20090901	26.88
20090902	27.0782608695652
20090903	27.788
20090904	27.2083333333333
20090905	27.9458333333333
20090906	28.8208333333333
20090907	27.9782608695652
20090908	25.64
20090909	26.4347826086957
20090910	27.225
20090911	24.9416666666667
20090912	25.7208333333333
20090913	26.4285714285714
20090914	26.6176470588235
20090915	24.996
20090916	26.2291666666667
20090917	24.0291666666667
20090918	26.7782608695652
20090919	27.875
20090920	25.925
20090921	24.9458333333333
20090922	25.495
20090923	26.7958333333333
20090924	26.8208333333333
20090925	26.5625
20090926	25.6833333333333
20090927	25.8
20090928	26.495652173913
20090929	27.4791666666667
20090930	27.992
20091001	27.8086956521739
20091002	26.06
20091003	23.3166666666667
20091004	26.6375
20091005	27.1739130434783
20091006	27.632
20091007	26.6818181818182
20091008	25.9818181818182
20091009	27.3625
20091010	26.5789473684211
20091011	25.424
20091012	26.65
20091013	26.4375
20091014	26.7636363636364
20091015	26.0695652173913
20091016	23.7739130434783
20091017	26.1416666666667
20091018	27.2772727272727
20091019	26.5545454545455
20091020	26.0521739130435
20091021	26.947619047619
20091022	26.8416666666667
20091023	25.6291666666667
20091024	24.85
20091025	26.0521739130435
20091026	26.9565217391304
20091027	25.8952380952381
20091028	24.808
20091029	26.0782608695652
20091030	24.63125
20091031	23.9352941176471
20091101	27.125
20091102	27.415
20091103	26.6461538461538
20091104	27.0133333333333
20091105	27.5052631578947
20091106	27.6461538461538
20091107	27.325
20091108	27.3333333333333
20091109	26.9705882352941
20091110	27.047619047619
20091111	27.565
20091112	26.2619047619048
20091113	26.7380952380952
20091114	23.0380952380952
20091115	26.3333333333333
20091116	27.69375
20091117	27.52
20091118	28.5411764705882
20091119	28.6307692307692
20091120	28.7714285714286
20091121	27.3866666666667
20091122	27.8809523809524
20091123	27.7333333333333
20091124	27.1571428571429
20091125	29.84
20091126	29.49
20091127	27.9166666666667
20091128	27.93
20091129	28.4846153846154
20091130	NA
20091201	NA
20091202	NA
20091203	NA
20091204	NA
20091205	NA
20091206	NA
20091207	NA
20091208	NA
20091209	NA
20091210	NA
20091211	NA
20091212	NA
20091213	NA
20091214	26.9222222222222
20091215	25.8791666666667
20091216	25.9260869565217
20091217	26.5
20091218	NA
20091219	NA
20091220	NA
20091221	NA
20091222	NA
20091223	25.4285714285714
20091224	27.1875
20091225	27.5869565217391
20091226	26.3357142857143
20091227	29.7733333333333
20091228	25.755
20091229	27.3
20091230	27.0347826086957
20091231	26.3625
20100101	25.7041666666667
20100102	25.152380952381
20100103	24.5083333333333
20100104	24.712
20100105	26.0304347826087
20100106	27.1166666666667
20100107	28.1333333333333
20100108	27.5266666666667
20100109	NA
20100110	NA
20100111	NA
20100112	30.8857142857143
20100113	29.63125
20100114	27.356
20100115	27.9130434782609
20100116	28.6684210526316
20100117	27.1291666666667
20100118	162.575
20100119	28.0739130434783
20100120	27.7708333333333
20100121	28.3347826086957
20100122	27.0916666666667
20100123	27.7818181818182
20100124	31.8933333333333
20100125	27.432
20100126	26.9416666666667
20100127	28.0791666666667
20100128	27.8541666666667
20100129	29.6277777777778
20100130	27.6791666666667
20100131	28.195652173913
20100201	29.4380952380952
20100202	29.875
20100203	25.9416666666667
20100204	29.3238095238095
20100205	29.5791666666667
20100206	29.7521739130435
20100207	30.0529411764706
20100208	30.0739130434783
20100209	28.45
20100210	29.3434782608696
20100211	28.26
20100212	27.3375
20100213	29.3708333333333
20100214	30.3304347826087
20100215	31.5631578947368
20100216	30.4866666666667
20100217	31.8083333333333
20100218	28.864
20100219	27.5434782608696
20100220	26.0875
20100221	29.45
20100222	29.188
20100223	29.5208333333333
20100224	28.155
20100225	27.996
20100226	26.7869565217391
20100227	29.3875
20100228	30.6625
20100301	31.7333333333333
20100302	28.475
20100303	27.2217391304348
20100304	26.85
20100305	26.79
20100306	28.144
20100307	29.0652173913043
20100308	27.836
20100309	27.4391304347826
20100310	28.8434782608696
20100311	27.1304347826087
20100312	29.0375
20100313	27.0347826086957
20100314	30.1681818181818
20100315	30.1
20100316	26.8130434782609
20100317	28.372
20100318	25.8454545454545
20100319	27.3458333333333
20100320	26.99375
20100321	26.825
20100322	28.0666666666667
20100323	27.6695652173913
20100324	26.06
20100325	28.5045454545455
20100326	28.52
20100327	28.7625
20100328	28.4260869565217
20100329	27.7095238095238
20100330	27.6583333333333
20100331	29.1833333333333
20100401	27.795652173913
20100402	28.216
20100403	26.6391304347826
20100404	26.9217391304348
20100405	24.052
20100406	27.2888888888889
20100407	24.9941176470588
20100408	26.0739130434783
20100409	25.224
20100410	24.855
20100411	26.95
20100412	27.6416666666667
20100413	25.3375
20100414	27.088
20100415	26
20100416	24.5583333333333
20100417	26.725
20100418	26.1777777777778
20100419	26.7590909090909
20100420	28.945
20100421	27.6086956521739
20100422	27.6875
20100423	27.0826086956522
20100424	27.08
20100425	28.0521739130435
20100426	27.7208333333333
20100427	25.9583333333333
20100428	25.8181818181818
20100429	26.052380952381
20100430	27.8916666666667
20100501	28.4304347826087
20100502	25.8
20100503	25.188
20100504	27.4590909090909
20100505	26.7461538461538
20100506	28.725
20100507	26.812
20100508	25.3666666666667
20100509	25.8391304347826
20100510	27.8260869565217
20100511	24.2791666666667
20100512	24.4105263157895
20100513	25.3583333333333
20100514	27.0666666666667
20100515	27
20100516	28.2434782608696
20100517	25.8375
20100518	26.204
20100519	27.2458333333333
20100520	26.7
20100521	27.808
20100522	24.6521739130435
20100523	26.54
20100524	29.4052631578947
20100525	24.6565217391304
20100526	26.4
20100527	26.6833333333333
20100528	25.2727272727273
20100529	27.8238095238095
20100530	26.5666666666667
20100531	25.2333333333333
20100601	25.5041666666667
20100602	26.5391304347826
20100603	25.775
20100604	24.4708333333333
20100605	26.525
20100606	26.2875
20100607	27.35
20100608	25.7625
20100609	24.3583333333333
20100610	26.4791666666667
20100611	26.2583333333333
20100612	26.1066666666667
20100613	24.3533333333333
20100614	24.088
20100615	26.8458333333333
20100616	24.6125
20100617	26.6208333333333
20100618	24.8416666666667
20100619	26.32
20100620	24.4791666666667
20100621	26.3041666666667
20100622	25.372
20100623	26.4304347826087
20100624	26.816
20100625	23.9541666666667
20100626	26.3916666666667
20100627	26.6333333333333
20100628	25.7894736842105
20100629	23.9818181818182
20100630	26.8083333333333
20100701	24.3041666666667
20100702	24.7875
20100703	25.795652173913
20100704	25.904
20100705	26.0739130434783
20100706	24.592
20100707	24.6666666666667
20100708	24.044
20100709	26.2181818181818
20100710	26.7208333333333
20100711	23.652
20100712	26.4583333333333
20100713	26.1041666666667
20100714	27.0695652173913
20100715	26.75
20100716	24.508
20100717	24.575
20100718	23.9130434782609
20100719	24.5952380952381
20100720	26.0571428571429
20100721	26.9428571428571
20100722	28
20100723	29.82
20100724	26.5333333333333
20100725	29.9857142857143
20100726	29.4333333333333
20100727	NA
20100728	31.7
20100729	28.3
20100730	27.6
20100731	31.65
20100801	25.5
20100802	NA
20100803	26.9
20100804	NA
20100805	NA
20100806	29.375
20100807	NA
20100808	29.8
20100809	NA
20100810	30.2
20100811	NA
20100812	31
20100813	30.35
20100814	NA
20100815	27.3
20100816	30.3666666666667
20100817	32.7333333333333
20100818	NA
20100819	30.8
20100820	28.85
20100821	NA
20100822	31.65
20100823	NA
20100824	NA
20100825	NA
20100826	31.4
20100827	29.7
20100828	30.6
20100829	31.675
20100830	31.6
20100831	30.3666666666667
20100901	31
20100902	30.5
20100903	NA
20100904	29.8333333333333
20100905	NA
20100906	32.2
20100907	29.5
20100908	NA
20100909	NA
20100910	24.6222222222222
20100911	26.7608695652174
20100912	26.7
20100913	24.6809523809524
20100914	27.65
20100915	27.5041666666667
20100916	26.6375
20100917	26.7
20100918	27.5083333333333
20100919	24.7208333333333
20100920	25.4565217391304
20100921	22.7769230769231
20100922	NA
20100923	NA
20100924	NA
20100925	NA
20100926	NA
20100927	NA
20100928	NA
20100929	NA
20100930	NA
20101001	NA
20101002	NA
20101003	NA
20101004	NA
20101005	NA
20101006	NA
20101007	NA
20101008	NA
20101009	NA
20101010	NA
20101011	NA
20101012	NA
20101013	NA
20101014	NA
20101015	NA
20101016	NA
20101017	NA
20101018	NA
20101019	NA
20101020	NA
20101021	NA
20101022	NA
20101023	NA
20101024	NA
20101025	NA
20101026	NA
20101027	NA
20101028	NA
20101029	NA
20101030	NA
20101031	NA
20101101	NA
20101102	NA
20101103	NA
20101104	NA
20101105	NA
20101106	NA
20101107	NA
20101108	NA
20101109	NA
20101110	NA
20101111	NA
20101112	NA
20101113	NA
20101114	NA
20101115	NA
20101116	NA
20101117	NA
20101118	NA
20101119	NA
20101120	NA
20101121	NA
20101122	NA
20101123	NA
20101124	NA
20101125	NA
20101126	NA
20101127	NA
20101128	NA
20101129	NA
20101130	NA
20101201	NA
20101202	NA
20101203	NA
20101204	NA
20101205	NA
20101206	NA
20101207	NA
20101208	NA
20101209	NA
20101210	NA
20101211	NA
20101212	NA
20101213	NA
20101214	NA
20101215	NA
20101216	NA
20101217	NA
20101218	NA
20101219	NA
20101220	NA
20101221	NA
20101222	NA
20101223	NA
20101224	NA
20101225	NA
20101226	NA
20101227	NA
20101228	NA
20101229	NA
20101230	NA
20101231	NA
20110101	NA
20110102	NA
20110103	NA
20110104	NA
20110105	NA
20110106	NA
20110107	NA
20110108	NA
20110109	NA
20110110	NA
20110111	NA
20110112	NA
20110113	NA
20110114	NA
20110115	NA
20110116	NA
20110117	NA
20110118	NA
20110119	NA
20110120	NA
20110121	NA
20110122	NA
20110123	NA
20110124	NA
20110125	NA
20110126	NA
20110127	NA
20110128	NA
20110129	NA
20110130	NA
20110131	NA
20110201	NA
20110202	NA
20110203	NA
20110204	NA
20110205	NA
20110206	NA
20110207	NA
20110208	NA
20110209	NA
20110210	NA
20110211	NA
20110212	NA
20110213	NA
20110214	NA
20110215	NA
20110216	NA
20110217	NA
20110218	NA
20110219	NA
20110220	NA
20110221	NA
20110222	NA
20110223	NA
20110224	NA
20110225	NA
20110226	NA
20110227	NA
20110228	NA
20110301	NA
20110302	NA
20110303	NA
20110304	NA
20110305	NA
20110306	NA
20110307	NA
20110308	NA
20110309	NA
20110310	NA
20110311	NA
20110312	NA
20110313	NA
20110314	NA
20110315	NA
20110316	NA
20110317	NA
20110318	NA
20110319	NA
20110320	NA
20110321	NA
20110322	NA
20110323	NA
20110324	NA
20110325	NA
20110326	NA
20110327	NA
20110328	NA
20110329	NA
20110330	NA
20110331	NA
20110401	NA
20110402	NA
20110403	NA
20110404	NA
20110405	NA
20110406	NA
20110407	NA
20110408	NA
20110409	NA
20110410	NA
20110411	NA
20110412	NA
20110413	NA
20110414	NA
20110415	NA
20110416	NA
20110417	NA
20110418	NA
20110419	NA
20110420	NA
20110421	NA
20110422	NA
20110423	NA
20110424	NA
20110425	NA
20110426	NA
20110427	NA
20110428	NA
20110429	NA
20110430	NA
20110501	NA
20110502	NA
20110503	NA
20110504	NA
20110505	NA
20110506	NA
20110507	NA
20110508	NA
20110509	NA
20110510	NA
20110511	NA
20110512	NA
20110513	NA
20110514	NA
20110515	NA
20110516	NA
20110517	NA
20110518	NA
20110519	NA
20110520	NA
20110521	NA
20110522	NA
20110523	NA
20110524	NA
20110525	NA
20110526	NA
20110527	NA
20110528	NA
20110529	NA
20110530	NA
20110531	NA
20110601	NA
20110602	NA
20110603	NA
20110604	NA
20110605	NA
20110606	NA
20110607	NA
20110608	NA
20110609	NA
20110610	NA
20110611	NA
20110612	NA
20110613	NA
20110614	NA
20110615	NA
20110616	NA
20110617	NA
20110618	NA
20110619	NA
20110620	NA
20110621	NA
20110622	NA
20110623	NA
20110624	NA
20110625	NA
20110626	NA
20110627	NA
20110628	NA
20110629	NA
20110630	NA
20110701	NA
20110702	NA
20110703	NA
20110704	NA
20110705	NA
20110706	NA
20110707	NA
20110708	NA
20110709	NA
20110710	NA
20110711	NA
20110712	NA
20110713	NA
20110714	NA
20110715	NA
20110716	NA
20110717	NA
20110718	NA
20110719	NA
20110720	NA
20110721	NA
20110722	NA
20110723	NA
20110724	NA
20110725	NA
20110726	NA
20110727	NA
20110728	NA
20110729	NA
20110730	NA
20110731	NA
20110801	NA
20110802	NA
20110803	NA
20110804	NA
20110805	NA
20110806	NA
20110807	NA
20110808	NA
20110809	NA
20110810	NA
20110811	NA
20110812	NA
20110813	NA
20110814	NA
20110815	NA
20110816	NA
20110817	NA
20110818	NA
20110819	NA
20110820	NA
20110821	NA
20110822	NA
20110823	NA
20110824	NA
20110825	NA
20110826	NA
20110827	NA
20110828	NA
20110829	NA
20110830	NA
20110831	NA
20110901	NA
20110902	NA
20110903	NA
20110904	NA
20110905	NA
20110906	NA
20110907	NA
20110908	NA
20110909	NA
20110910	NA
20110911	NA
20110912	NA
20110913	NA
20110914	NA
20110915	NA
20110916	NA
20110917	NA
20110918	NA
20110919	NA
20110920	NA
20110921	NA
20110922	NA
20110923	NA
20110924	NA
20110925	NA
20110926	NA
20110927	NA
20110928	NA
20110929	NA
20110930	NA
20111001	NA
20111002	NA
20111003	NA
20111004	NA
20111005	NA
20111006	NA
20111007	NA
20111008	NA
20111009	NA
20111010	NA
20111011	NA
20111012	NA
20111013	NA
20111014	NA
20111015	NA
20111016	NA
20111017	NA
20111018	NA
20111019	NA
20111020	NA
20111021	NA
20111022	NA
20111023	NA
20111024	NA
20111025	NA
20111026	NA
20111027	NA
20111028	NA
20111029	NA
20111030	NA
20111031	NA
20111101	NA
20111102	NA
20111103	NA
20111104	NA
20111105	NA
20111106	NA
20111107	NA
20111108	NA
20111109	NA
20111110	NA
20111111	NA
20111112	NA
20111113	NA
20111114	NA
20111115	NA
20111116	NA
20111117	NA
20111118	NA
20111119	NA
20111120	NA
20111121	NA
20111122	NA
20111123	NA
20111124	NA
20111125	NA
20111126	NA
20111127	NA
20111128	NA
20111129	NA
20111130	NA
20111201	NA
20111202	NA
20111203	NA
20111204	NA
20111205	NA
20111206	26.0652173913043
20111207	23.8458333333333
20111208	24.8130434782609
20111209	26.1041666666667
20111210	26.9125
20111211	25.6833333333333
20111212	26.1791666666667
20111213	26.07
20111214	26.5916666666667
20111215	26.5375
20111216	26.425
20111217	26.1869565217391
20111218	26.2
20111219	26.2304347826087
20111220	26.0375
20111221	24.1647058823529
20111222	26.9454545454545
20111223	24.7684210526316
20111224	25.7125
20111225	25.7875
20111226	25.4454545454545
20111227	25.404347826087
20111228	25.0714285714286
20111229	25.9166666666667
20111230	26.4458333333333
20111231	25.9291666666667
20120101	26.0363636363636
20120102	25.3869565217391
20120103	25.4125
20120104	26.7894736842105
20120105	25.6333333333333
20120106	26.1739130434783
20120107	25.8166666666667
20120108	25.8772727272727
20120109	25.34
20120110	25.8227272727273
20120111	26.2833333333333
20120112	26.1869565217391
20120113	26.1304347826087
20120114	26.8
20120115	26.7888888888889
20120116	25.595652173913
20120117	23.5933333333333
20120118	25.3363636363636
20120119	24.9217391304348
20120120	24.5478260869565
20120121	24.8421052631579
20120122	25.1478260869565
20120123	25.4
20120124	26.2217391304348
20120125	25.4
20120126	25.5434782608696
20120127	24.86
20120128	25.7590909090909
20120129	25.8739130434783
20120130	25.9708333333333
20120131	26.595652173913
20120201	25.9578947368421
20120202	26.2227272727273
20120203	24.9809523809524
20120204	26.2727272727273
20120205	159.454166666667
20120206	24.495652173913
20120207	25.3863636363636
20120208	26.1421052631579
20120209	26.1571428571429
20120210	26.2363636363636
20120211	26.1954545454545
20120212	27.2
20120213	25.8695652173913
20120214	25.8238095238095
20120215	25.7045454545455
20120216	24.6863636363636
20120217	25.7954545454545
20120218	25.9578947368421
20120219	25.7708333333333
20120220	26.7
20120221	26.6142857142857
20120222	26.415
20120223	26.2954545454545
20120224	26.0789473684211
20120225	26.2590909090909
20120226	26.6916666666667
20120227	27.4
20120228	26.5826086956522
20120229	26.6952380952381
20120301	26.8375
20120302	26.2947368421053
20120303	27.1642857142857
20120304	27.6260869565217
20120305	27.6130434782609
20120306	26.6583333333333
20120307	26.4857142857143
20120308	26.8652173913043
20120309	26.0304347826087
20120310	23.6
20120311	26.8954545454545
20120312	25.908
20120313	26.9478260869565
20120314	26.6545454545455
20120315	28.1227272727273
20120316	28.325
20120317	27.28
20120318	24.2777777777778
20120319	NA
20120320	NA
20120321	NA
20120322	NA
20120323	NA
20120324	NA
20120325	NA
20120326	NA
20120327	NA
20120328	NA
20120329	NA
20120330	30.8666666666667
20120331	NA
20120401	NA
20120402	NA
20120403	NA
20120404	NA
20120405	NA
20120406	NA
20120407	NA
20120408	NA
20120409	NA
20120410	NA
20120411	NA
20120412	NA
20120413	NA
20120414	NA
20120415	NA
20120416	29.6
20120417	NA
20120418	NA
20120419	NA
20120420	NA
20120421	26.06
20120422	NA
20120423	NA
20120424	NA
20120425	NA
20120426	NA
20120427	NA
20120428	NA
20120429	NA
20120430	NA
20120501	NA
20120502	NA
20120503	NA
20120504	NA
20120505	NA
20120506	NA
20120507	NA
20120508	NA
20120509	NA
20120510	NA
20120511	NA
20120512	NA
20120513	NA
20120514	NA
20120515	NA
20120516	NA
20120517	NA
20120518	NA
20120519	NA
20120520	NA
20120521	NA
20120522	NA
20120523	NA
20120524	NA
20120525	NA
20120526	NA
20120527	NA
20120528	NA
20120529	NA
20120530	NA
20120531	NA
20120601	NA
20120602	NA
20120603	NA
20120604	NA
20120605	NA
20120606	NA
20120607	NA
20120608	NA
20120609	NA
20120610	NA
20120611	NA
20120612	NA
20120613	NA
20120614	NA
20120615	NA
20120616	NA
20120617	NA
20120618	NA
20120619	NA
20120620	NA
20120621	NA
20120622	NA
20120623	NA
20120624	NA
20120625	NA
20120626	NA
20120627	NA
20120628	NA
20120629	NA
20120630	NA
20120701	NA
20120702	NA
20120703	NA
20120704	NA
20120705	NA
20120706	NA
20120707	NA
20120708	NA
20120709	NA
20120710	NA
20120711	NA
20120712	NA
20120713	NA
20120714	NA
20120715	NA
20120716	NA
20120717	NA
20120718	25.6
20120719	24.475
20120720	24.8869565217391
20120721	25.425
20120722	26.8652173913043
20120723	26
20120724	25.95
20120725	28.9
20120726	26.25
20120727	26.4
20120728	27.15
20120729	28.4571428571429
20120730	26.9666666666667
20120731	NA
20120801	28.4666666666667
20120802	29.9666666666667
20120803	27.5
20120804	NA
20120805	NA
20120806	NA
20120807	NA
20120808	30.9
20120809	NA
20120810	NA
20120811	NA
20120812	NA
20120813	NA
20120814	NA
20120815	NA
20120816	NA
20120817	NA
20120818	NA
20120819	NA
20120820	NA
20120821	NA
20120822	NA
20120823	NA
20120824	NA
20120825	NA
20120826	NA
20120827	NA
20120828	NA
20120829	NA
20120830	NA
20120831	NA
20120901	NA
20120902	NA
20120903	NA
20120904	NA
20120905	NA
20120906	NA
20120907	NA
20120908	NA
20120909	NA
20120910	NA
20120911	NA
20120912	NA
20120913	NA
20120914	NA
20120915	NA
20120916	NA
20120917	NA
20120918	NA
20120919	NA
20120920	NA
20120921	NA
20120922	NA
20120923	NA
20120924	NA
20120925	NA
20120926	NA
20120927	NA
20120928	NA
20120929	NA
20120930	NA
20121001	NA
20121002	NA
20121003	NA
20121004	NA
20121005	NA
20121006	NA
20121007	NA
20121008	NA
20121009	NA
20121010	NA
20121011	NA
20121012	NA
20121013	NA
20121014	NA
20121015	NA
20121016	NA
20121017	NA
20121018	NA
20121019	NA
20121020	NA
20121021	NA
20121022	NA
20121023	NA
20121024	NA
20121025	NA
20121026	NA
20121027	NA
20121028	NA
20121029	NA
20121030	NA
20121031	NA
20121101	NA
20121102	NA
20121103	NA
20121104	NA
20121105	NA
20121106	NA
20121107	NA
20121108	NA
20121109	NA
20121110	NA
20121111	NA
20121112	NA
20121113	NA
20121114	NA
20121115	NA
20121116	NA
20121117	NA
20121118	NA
20121119	NA
20121120	NA
20121121	NA
20121122	NA
20121123	NA
20121124	NA
20121125	NA
20121126	NA
20121127	NA
20121128	NA
20121129	NA
20121130	22.9
20121201	30.58
20121202	30
20121203	29.375
20121204	29.9
20121205	30.66
20121206	29.56
20121207	27.05
20121208	31.6
20121209	NA
20121210	NA
20121211	NA
20121212	NA
20121213	NA
20121214	NA
20121215	NA
20121216	NA
20121217	NA
20121218	NA
20121219	NA
20121220	NA
20121221	NA
20121222	NA
20121223	NA
20121224	NA
20121225	NA
20121226	NA
20121227	NA
20121228	NA
20121229	NA
20121230	NA
20121231	NA
20130101	NA
20130102	NA
20130103	NA
20130104	NA
20130105	NA
20130106	NA
20130107	NA
20130108	NA
20130109	NA
20130110	NA
20130111	NA
20130112	NA
20130113	NA
20130114	NA
20130115	NA
20130116	NA
20130117	NA
20130118	NA
20130119	NA
20130120	NA
20130121	NA
20130122	NA
20130123	NA
20130124	NA
20130125	NA
20130126	NA
20130127	NA
20130128	NA
20130129	NA
20130130	NA
20130131	NA
20130201	NA
20130202	NA
20130203	NA
20130204	NA
20130205	NA
20130206	NA
20130207	NA
20130208	NA
20130209	NA
20130210	NA
20130211	NA
20130212	NA
20130213	NA
20130214	NA
20130215	NA
20130216	NA
20130217	NA
20130218	NA
20130219	NA
20130220	NA
20130221	NA
20130222	NA
20130223	NA
20130224	NA
20130225	NA
20130226	NA
20130227	NA
20130228	NA
20130301	NA
20130302	NA
20130303	NA
20130304	NA
20130305	NA
20130306	NA
20130307	NA
20130308	NA
20130309	NA
20130310	NA
20130311	NA
20130312	NA
20130313	NA
20130314	NA
20130315	NA
20130316	NA
20130317	NA
20130318	NA
20130319	NA
20130320	NA
20130321	NA
20130322	NA
20130323	NA
20130324	NA
20130325	NA
20130326	NA
20130327	NA
20130328	NA
20130329	NA
20130330	NA
20130331	NA
20130401	NA
20130402	NA
20130403	NA
20130404	NA
20130405	NA
20130406	NA
20130407	NA
20130408	NA
20130409	NA
20130410	NA
20130411	NA
20130412	NA
20130413	NA
20130414	NA
20130415	NA
20130416	NA
20130417	NA
20130418	NA
20130419	NA
20130420	NA
20130421	NA
20130422	NA
20130423	NA
20130424	NA
20130425	NA
20130426	NA
20130427	NA
20130428	NA
20130429	NA
20130430	NA
20130501	NA
20130502	NA
20130503	NA
20130504	NA
20130505	NA
20130506	30.4
20130507	27.85
20130508	28.3
20130509	NA
20130510	NA
20130511	NA
20130512	NA
20130513	NA
20130514	NA
20130515	NA
20130516	29
20130517	NA
20130518	NA
20130519	NA
20130520	NA
20130521	NA
20130522	NA
20130523	NA
20130524	NA
20130525	NA
20130526	NA
20130527	NA
20130528	NA
20130529	NA
20130530	NA
20130531	NA
20130601	NA
20130602	NA
20130603	NA
20130604	NA
20130605	NA
20130606	NA
20130607	NA
20130608	NA
20130609	NA
20130610	NA
20130611	NA
20130612	NA
20130613	NA
20130614	NA
20130615	NA
20130616	NA
20130617	NA
20130618	NA
20130619	NA
20130620	NA
20130621	NA
20130622	NA
20130623	NA
20130624	NA
20130625	NA
20130626	NA
20130627	NA
20130628	NA
20130629	NA
20130630	NA
20130701	NA
20130702	29.2
20130703	NA
20130704	NA
20130705	NA
20130706	NA
20130707	NA
20130708	NA
20130709	NA
20130710	24.25
20130711	NA
20130712	NA
20130713	NA
20130714	NA
20130715	NA
20130716	NA
20130717	26.3
20130718	NA
20130719	NA
20130720	NA
20130721	27.8
20130722	NA
20130723	NA
20130724	25.9555555555556
20130725	23.7695652173913
20130726	22.4916666666667
20130727	23.4916666666667
20130728	25.1913043478261
20130729	24.268
20130730	25.0652173913043
20130731	25.412
20130801	23.3875
20130802	23.0181818181818
20130803	24.7545454545455
20130804	25.6
20130805	22.8444444444444
20130806	27.5714285714286
20130807	24.0105263157895
20130808	26.1347826086957
20130809	26.9291666666667
20130810	26.5125
20130811	24.9434782608696
20130812	25.836
20130813	26.1916666666667
20130814	24.9208333333333
20130815	25.5
20130816	25.8458333333333
20130817	24.0434782608696
20130818	25.4833333333333
20130819	26
20130820	25.6695652173913
20130821	24.932
20130822	26.1083333333333
20130823	26.2217391304348
20130824	25.556
20130825	23.9875
20130826	25.3083333333333
20130827	25.2541666666667
20130828	25.8173913043478
20130829	24.236
20130830	23.9416666666667
20130831	24.8086956521739
20130901	26.7291666666667
20130902	27.1708333333333
20130903	25
20130904	25
20130905	24.848
20130906	26.2
20130907	25.32
20130908	26.2782608695652
20130909	24.3875
20130910	25.308
20130911	26.4761904761905
20130912	27.24
20130913	27.7875
20130914	26.2478260869565
20130915	24.5583333333333
20130916	25.4391304347826
20130917	24.8416666666667
20130918	25.95625
20130919	27.3166666666667
20130920	26.3913043478261
20130921	26.912
20130922	26.7833333333333
20130923	26.025
20130924	26.7541666666667
20130925	24.7363636363636
20130926	26.0409090909091
20130927	26.2166666666667
20130928	27.3590909090909
20130929	23.2454545454545
20130930	25.868
20131001	24.6833333333333
20131002	26.295652173913
20131003	26.9291666666667
20131004	23.3
20131005	26.0391304347826
20131006	27.4791666666667
20131007	25.9083333333333
20131008	25.8173913043478
20131009	27.0047619047619
20131010	27.2
20131011	26.7913043478261
20131012	26.2391304347826
20131013	26.6772727272727
20131014	25.2565217391304
20131015	25.9857142857143
20131016	25.5090909090909
20131017	25.0125
20131018	26.7761904761905
20131019	27.235
20131020	25.0260869565217
20131021	24.6789473684211
20131022	23.9083333333333
20131023	23.5363636363636
20131024	26.3272727272727
20131025	25.5260869565217
20131026	26.6434782608696
20131027	26.0909090909091
20131028	27.0130434782609
20131029	25.8105263157895
20131030	27.0166666666667
20131031	25.8217391304348
20131101	25.804
20131102	26.025
20131103	25.8347826086957
20131104	23.796
20131105	25.5125
20131106	25.6375
20131107	25.3521739130435
20131108	26.3125
20131109	24.45
20131110	26.3545454545455
20131111	26.0625
20131112	26.6333333333333
20131113	26.9521739130435
20131114	26.5347826086957
20131115	25.0217391304348
20131116	26.6833333333333
20131117	27.2791666666667
20131118	26.9958333333333
20131119	26.8833333333333
20131120	26.4083333333333
20131121	26.5913043478261
20131122	26.9090909090909
20131123	25.7
20131124	26.1666666666667
20131125	26.2869565217391
20131126	25.105
20131127	25.7181818181818
20131128	25.6166666666667
20131129	25.6130434782609
20131130	25.4058823529412
20131201	25.9666666666667
20131202	23.6
20131203	24.9869565217391
20131204	26.7416666666667
20131205	26.3086956521739
20131206	26.1952380952381
20131207	25.8
20131208	25.5916666666667
20131209	25.47
20131210	26.404347826087
20131211	25.7375
20131212	25.2565217391304
20131213	26.5428571428571
20131214	24.8944444444444
20131215	26.5181818181818
20131216	26
20131217	26.635
20131218	25.5916666666667
20131219	25.632
20131220	25.2166666666667
20131221	24.2208333333333
20131222	24.6652173913043
20131223	24.8130434782609
20131224	25.5652173913043
20131225	25.9416666666667
20131226	26.4590909090909
20131227	26
20131228	26.2291666666667
20131229	26.675
20131230	26.7
20131231	27.0583333333333
20140101	26.3208333333333
20140102	25.6217391304348
20140103	25.8478260869565
20140104	26.4625
20140105	26.2347826086957
20140106	25.8833333333333
20140107	25.7565217391304
20140108	26.8
20140109	25.4083333333333
20140110	24.4291666666667
20140111	24.7090909090909
20140112	24.2739130434783
20140113	24.6875
20140114	25.0291666666667
20140115	25.5434782608696
20140116	25.6625
20140117	26.125
20140118	26.7
20140119	27.4666666666667
20140120	27.2842105263158
20140121	25.5916666666667
20140122	26.4421052631579
20140123	27.4952380952381
20140124	26.9909090909091
20140125	26.3916666666667
20140126	25.9681818181818
20140127	26.4409090909091
20140128	26.1739130434783
20140129	25.9695652173913
20140130	25.3739130434783
20140131	25.7409090909091
20140201	25.9391304347826
20140202	26.6705882352941
20140203	27.8260869565217
20140204	26.04
20140205	27.3
20140206	26.6826086956522
20140207	26.1
20140208	27.6826086956522
20140209	26.892
20140210	27.9521739130435
20140211	27.7
20140212	28.0416666666667
20140213	28.1695652173913
20140214	27.9545454545455
20140215	26.8409090909091
20140216	26.8391304347826
20140217	26.8875
20140218	26.15
20140219	27.32
20140220	28.0541666666667
20140221	27.1434782608696
20140222	28.5
20140223	27.1
20140224	27.0866666666667
20140225	29.6642857142857
20140226	27.9869565217391
20140227	27.7526315789474
20140228	25.2625
20140301	29.9357142857143
20140302	28.065
20140303	26.7666666666667
20140304	26.2
20140305	27.48
20140306	28.1
20140307	26.5863636363636
20140308	28.525
20140309	27.9866666666667
20140310	28.052380952381
20140311	26.6272727272727
20140312	26.44375
20140313	28.3222222222222
20140314	28.0473684210526
20140315	27.5347826086957
20140316	27.6304347826087
20140317	28.0913043478261
20140318	28.552
20140319	28.6652173913043
20140320	29.0681818181818
20140321	28.2636363636364
20140322	29.5791666666667
20140323	28.5142857142857
20140324	26.43
20140325	27.1227272727273
20140326	28.0647058823529
20140327	27.9590909090909
20140328	27.0090909090909
20140329	26.37
20140330	26.9473684210526
20140331	28.8761904761905
20140401	25.685
20140402	26.3375
20140403	27.1
20140404	24.6473684210526
20140405	25.495
20140406	25.82
20140407	26.0733333333333
20140408	27.88125
20140409	27.5538461538462
20140410	28
20140411	26.1625
20140412	26.7727272727273
20140413	29.02
20140414	27.804347826087
20140415	24.0105263157895
20140416	25.7105263157895
20140417	25.5117647058824
20140418	24.9625
20140419	24.5333333333333
20140420	24.8708333333333
20140421	25.1066666666667
20140422	25.2066666666667
20140423	26.2
20140424	24.70625
20140425	25.6833333333333
20140426	24.265
20140427	25.9333333333333
20140428	28.3230769230769
20140429	26.3375
20140430	25.39
20140501	26.15625
20140502	28.1
20140503	27.1333333333333
20140504	27.0333333333333
20140505	25.8083333333333
20140506	26.7608695652174
20140507	26.0173913043478
20140508	25.61875
20140509	25.775
20140510	24.09375
20140511	24.8647058823529
20140512	27.4363636363636
20140513	26.4
20140514	26.6875
20140515	25.0294117647059
20140516	25.3764705882353
20140517	26.2842105263158
20140518	24.7941176470588
20140519	25.4777777777778
20140520	26.9705882352941
20140521	26.4266666666667
20140522	27
20140523	26.3214285714286
20140524	27.1695652173913
20140525	27.095652173913
20140526	25.98
20140527	24.0181818181818
20140528	24.2695652173913
20140529	25.65
20140530	25.2833333333333
20140531	27.5913043478261
20140601	26.144
20140602	25.2833333333333
20140603	26.7555555555556
20140604	27.0208333333333
20140605	26.8916666666667
20140606	25.975
20140607	24.2555555555556
20140608	25.1809523809524
20140609	24.5153846153846
20140610	25.5526315789474
20140611	24.652380952381
20140612	26.015
20140613	25.6809523809524
20140614	23.4666666666667
20140615	24.2285714285714
20140616	24.9176470588235
20140617	24.508
20140618	25.1666666666667
20140619	23.6782608695652
20140620	22.8521739130435
20140621	24.645
20140622	25.3347826086957
20140623	25.4869565217391
20140624	24.0208333333333
20140625	23.1727272727273
20140626	25.9
20140627	26.2631578947368
20140628	24.3857142857143
20140629	26.3863636363636
20140630	25.7130434782609
20140701	24.5391304347826
20140702	24.888
20140703	26.4947368421053
20140704	24.6227272727273
20140705	25.5818181818182
20140706	24.9826086956522
20140707	23.004
20140708	24.3166666666667
20140709	23.4217391304348
20140710	23.7285714285714
20140711	23.17
20140712	23.304347826087
20140713	24.9434782608696
20140714	25.4833333333333
20140715	26.0478260869565
20140716	24.7947368421053
20140717	24.5636363636364
